0.762989734090854 1.0129064843612767
0.9914274936822434 0.9013006548321503
1.1893973868360348 0.9504991571279123
1.0898718826040055 0.8132992283130187
0.7559119540129259 0.7502131747859837
0.9454668066551166 1.0853054727190568
1.2053096802286827 0.794235561906352
1.1525455323354397 1.2055259541376346
1.1109674224012251 0.8582033423323367
0.8408373381645544 1.0697273891414227
0.794676659387932 0.8041879066788132
0.9476890819231447 1.1703389011581773
0.752882646036859 1.226932735931878
0.9102490628510815 0.9853666981830622
1.0830023797200816 0.8097683150020589
1.1474406838671096 1.1567970064871964
0.8961034122183709 0.8326633012545841
0.9852443508562929 1.0857609575795508
0.8999801286267259 0.7890314344333944
0.9156229375477191 1.1874575265795846
1.2375423423898153 0.91019827273243
0.7693670210725202 1.2426784087213045
0.7694354474019666 1.0668427012108088
1.0262031081688447 1.0547514499009005
0.7969400393210819 1.015262556385348
1.081698811197902 0.9708167009329352
1.231452956634527 0.7829746099955287
0.839816019257952 0.7545719916947555
0.9302303450689862 1.1429437616547595
1.0024039052256115 0.8039725692723669
0.8345777342426094 1.1086465787814879
0.882490409294914 0.7918418359252318
1.1663003927230613 1.1932097862049025
0.9769221534080661 0.9699481095052782
0.7609817289110732 0.8150239860377098
0.8957190904184502 1.1178248136846993
1.1425360324945018 1.1995183528753275
1.0604515694455188 0.9364592138166743
1.1724858574759325 0.9221921899802316
0.8520140089809802 1.0839475453072622
1.0395433263280618 0.8615342351067186
1.1093608032697906 1.0253118444427654
0.9903284813673023 0.7821209021485992
1.0550862739546172 0.9218967392034871
1.0404366506171703 1.0479697600132207
0.8511721331943516 0.9171117572137326
0.9465708622270185 1.0741347065571152
1.068792226882057 0.8847577379865821
0.9650840974767722 1.0605642993463944
0.8897556497244742 0.993773288860619
0.8700301465257348 0.8164053238385715
0.843985950925929 0.808959978828645
0.8547007700335125 1.075218162435338
0.8273752604803475 1.0910928536045437
0.7946306245820468 1.1219812440125878
1.0374188941042966 0.9817949176389582
0.907180613759001 0.8012968136896458
0.8102271028451976 0.8586527517056013
1.103063787731414 1.0528702714169362
1.141827246409748 0.8242721249811407
0.7885573606793199 1.025120765419802
0.9291110273189138 1.0493209466655198
1.0436478210140103 1.050690706016805
1.1713477049215717 1.0240790995958438
0.9709853141681907 0.828656945627106
1.031875801519164 1.1856123802338232
1.083277312174305 1.0474068201143854
0.7714021660256127 0.8784105707757397
0.8726304654752852 0.8994270591557882
1.1292785003701111 1.1751774632851226
1.1843534827906663 0.9846640454746405
1.2471921315882146 1.231432652920259
1.1998626883235497 0.9726486934306378
1.2008989894657438 1.0726835240588275
1.2185859421199237 1.0952398018358265
1.1299432899677433 1.0161477390008302
1.0171395288040577 1.0716245940405473
0.8327498144110335 0.8103545128274849
0.8555562582992997 0.925125288688374
1.0250409804790004 1.0354256639021395
1.1949723555287106 0.8373960141281942
1.243222421754381 0.8444349270242644
0.888934224556075 1.1997541079607617
1.1111971772826679 1.241966715171068
1.0113653313899524 0.8636754399116855
0.8790099982375321 0.7898433490280481
1.0882372529031392 0.7628931549799891
0.7847895485781891 0.9019621078205038
0.8071179085578768 1.0780746223754196
0.8876479620098456 1.2402813631962648
0.7890236947396889 0.9417115745647653
1.068513320204485 1.1522177056106497
1.2203815651089247 0.8356432882365057
0.8983123217525764 1.0960633821796653
1.0594105096593605 0.8165432382454729
1.0284864510981375 1.08550641546522
1.1508611980692027 1.015734344739993
1.1675168144254768 0.8469330336251781
0.9058061601161514 0.9988585282931519
1.0689488012846646 1.1239149890163755
1.2290520216517744 1.0382111115767378
0.7713493542310568 0.882131819840269
1.1057490824699043 1.1459609180791765
1.098696019644645 1.0649508553761713
1.1909024115479887 0.8400121523332897
1.1508883347050625 1.024985489183394
0.8807426157869964 1.0659240189638695
1.1883884931289044 0.8101745663914688
1.18329342111762 0.9780895181643946
0.9424395959252888 1.114273962139134
1.2469767873467839 0.8912848104784347
0.9628763864130303 0.9111234747547936
1.1507256450311714 1.1497357786571116
1.1492344832632888 1.0796502471173057
1.0068277878006682 0.9250085191074889
1.0976809460273658 1.1922923789649924
1.07860383955944 1.0463156935553382
0.836229761242314 1.0833741107035428
0.9690255461102064 0.8872408810630216
0.9137731314803637 0.835936595322692
0.9935102023064031 1.0814180008965726
1.1546499318606354 0.9256260081811603
1.110380270738744 0.9163633996433862
1.1897898479942863 0.9384632095808589
1.2458567690093012 1.1594429852399082
1.1279126352619016 1.0356670576782405
1.0169583411459602 0.8028671798312519
0.9358286161284282 1.1731760541171439
1.2253074762993954 0.7756415213292119
0.7555777305404526 0.9961104780780854
1.0675983527298716 1.0595609842517288
0.9979611876021313 0.8191401446218572
0.7843608286097234 0.8636210743312602
1.1169606488815742 1.1725703001239998
0.9476578520025822 1.0566291862768544
0.9876068718122565 1.0409310066842605
0.770483401473659 0.931334467476783
0.781050709956868 1.1459528639888086
1.2058813826051038 1.0750551638148174
1.154905966873383 0.9290347417550171
1.1921850858729843 1.151566834914251
0.9543749825988485 0.7696567600031723
1.1922805987396627 0.7569258058448127
0.9502341826099774 0.935664318746845
1.169426629979537 1.197936566879073
0.9234483396967509 0.7989469158029077
0.8399168319315269 1.0561327460164252
1.1429985275599002 0.9657577358602465
0.9437499917936593 1.2424257655708701
0.973450336766436 1.1647682220937676
0.128476931028704 0.1679859618468173
0.24185526057113976 0.2579237065344216
0.09852228626621784 0.40545585865401335
0.3397694337512131 0.33926469459181813
0.4425329513413507 0.29125535010933123
0.33549062864559115 0.06510045078030535
0.01468391118794199 0.3245240489615758
0.12405537949627321 0.11526935944690442
0.4123763228394392 0.4511558610674267
0.34810500278763956 0.019693316576349318
0.4623913262337504 0.38241611693272276
0.4814202374753615 0.4970308857843719
0.20031706213464862 0.4867919399833032
0.07874096587330437 0.44295672690231375
0.10394538609548781 0.011011302792466482
0.2604286971237358 0.2744423575635024
0.07033865443973764 0.18157678777461517
0.2685959978253144 0.2333861361134958
0.058395564255005916 0.361694863234905
0.15251834679642629 0.2280377948806091
0.45399944217755833 0.390142029061144
0.315460479747935 0.3438856439675619
0.053210905001070896 0.008393861980807493
0.28249048192532794 0.28702223787305237
0.1004707776292279 0.3902536384762538
0.12942150211943376 0.23247685787415373
0.06340825258357996 0.22425197150989135
0.04671212811943026 0.3376008580657992
0.27360290667877807 0.06324942663764088
0.4989731875201357 0.04631467030588615
0.21352834551411948 0.24795872985465317
0.3806697969023626 0.2538727277775644
0.08390897142895948 0.13151400743272035
0.4616741508296949 0.423775478610972
0.3428504180386048 0.08074898877790648
0.2625157916672997 0.3485549620226051
0.16835793110745823 0.3065066932994809
0.298492676986373 0.4243835998477689
0.2592360644290967 0.480088172309532
0.38424746605940674 0.065802807645853
0.055866874719878 0.325857938409637
0.3959802727695651 0.22134144885967622
0.3319926914708603 0.44105894412885127
0.04716015923361133 0.36339123393997297
0.18138344663764816 0.4830501526892303
0.3454142285777167 0.316429034770292
0.19914757183679171 0.08146490649342192
0.4632145715510403 0.3565238341753212
0.13644905601759866 0.3781982420878975
0.2730497833329379 0.16203854155764258
0.48952278274708466 0.4716669403765343
0.2689589140064277 0.4205344768073919
0.36913327459168516 0.24344563470202174
0.02062253966032973 0.20010947710688048
0.08500185261645693 0.07516791754762714
0.18364667318092798 0.0747473779569855
0.17123032841689495 0.3214915020655638
0.4202417634515211 0.45273019737845566
0.073378686934163 0.09096124152100038
0.36819060440941315 0.09476132822561995
0.41560811420084903 0.40076464091585495
0.032815114377594046 0.4241711224530925
0.16717933158350007 0.1136589592829122
0.16659347830701238 0.4254235554516135
0.13160047070448633 0.23575969122053664
0.3441456165495393 0.19911568578386696
0.48884737953932356 0.15241505345934186
0.03649624922332784 0.09175893039232863
0.13133324387076523 0.20605139791679766
0.03784122590161482 0.24685419558097382
0.24768339661105482 0.17465954880108686
0.10048432350598674 0.4301201049714236
0.0248748277519929 0.19250238725812752
0.08917789662800718 0.06620669063767348
0.4589292131478891 0.46565891971389517
0.37479248065796483 0.08682427145014998
0.08710180556639602 0.2741803030554776
0.04905654422636058 0.4309399583471363
0.4803876101105906 0.21991871955765446
0.35704913644621156 0.356542024128124
0.06417030962660775 0.4744996358723078
0.012194706895736485 0.12044471898757747
0.2669679521286479 0.40544369119963125
0.27970045261723864 0.05770417212009327
0.13248369839365154 0.41010416124092686
0.38869336617250366 0.14543834891636798
0.36854856044278733 0.06687134287571683
0.46075512011294373 0.26719185442896565
0.3480471805749693 0.3210054130918597
0.2231197546287526 0.10345894185954668
0.32154633737342614 0.3584942376688015
0.30849022731007203 0.3615758617409767
0.04910011490523358 0.0854929184738461
0.430246496032736 0.42391619642141976
0.20958425267583664 0.22318706633991126
0.1617589991983961 0.4371705720426171
0.2999163733846219 0.448331765042526
0.4415880585328313 0.38746482096725304
0.29364740831356984 0.25825363633722925
0.27254091215327286 0.30616820704481
0.08866371640542192 0.3157631417137372
0.3818747284287851 0.42946611909238747
0.2371182063292342 0.4342098876968295
0.3623749366900455 0.391119125713055
0.11721247440938615 0.09582351709174003
0.019605200575736337 0.36230326429155946
0.07608133261888594 0.457518109638438
0.30931634952601533 0.4650235452393534
0.14578442862735175 0.1874980103866168
0.36081795200658257 0.27631601272343187
0.21028912226732105 0.19328836798721077
0.14705801262377088 0.309300603195017
0.48033232337928505 0.3472236380576122
0.3802223197295442 0.004120418563473172
0.31517794847000935 0.18896250721465013
0.18285643015644115 0.4869001325737238
0.3155408019034273 0.2862580169736956
0.0088298776948747 0.15807917045502967
0.2003262491277346 0.4649964503822943
0.16590344009046532 0.05282297033166472
0.2713392242697351 0.47742921105339964
0.12222658312744444 0.3756881694310818
0.2647448741178744 0.36355646998039726
0.06278407856915458 0.149315271716984
0.08581711836809675 0.27478224629586384
0.39862646230779214 0.03264504504762722
0.32439027419612587 0.37124491080136485
0.12166125400051131 0.058002535511357145
0.052432823109357374 0.0746380519456521
0.04084743638353022 0.3083651220677627
0.21229126296138628 0.45687116822532337
0.03182783236251513 0.4062289875645534
0.4144059891479574 0.3715802968239176
0.4813498375015718 0.11371059031676051
0.17667990636520525 0.09028341423345865
0.11026678180521338 0.3498678899090857
0.05418453724240885 0.1878859344478408
0.3144783462282253 0.015698341618439693
0.22751719296742262 0.2332767143390187
0.07186003394217899 0.179868411659924
0.4408766836830613 0.47991485519039606
0.3250479191740759 0.4189522823124808
0.20680408784818294 0.2185932400931645
0.06488660932783546 0.42480466996456834
0.42353870368389746 0.2499744702782442
0.10741428505379835 0.38866561134001654
0.483068649454971 0.05803014212446628
0.27845068313966387 0.1466927001430372
0.0832090160907763 0.21717478606729035
0.3941697233841406 0.12483874201198852
0.29541977876724895 1.8456706207311662
0.0534802465952095 1.7523407360403598
0.4815792640281567 1.525789536348672
0.3386047226766756 1.7225584431292762
0.397558201826241 1.5472540756346804
0.053936879935420845 1.767498667764546
0.2691929115067827 1.5946390317075565
0.12007611684456115 1.9780839632507674
0.2771354301010918 1.5917006372201716
0.17987740798823793 1.6460721360637183
0.24106213119720105 1.8360104389738325
0.36642234510867855 1.625505553590893
0.3508511991561062 1.805805986949699
0.029007913165768173 1.8116669777784797
0.05259349966630389 1.5976309374455306
0.01256641549593851 1.513741209222151
0.16068003695803773 1.858121854955452
0.33837089553541994 1.753729604557778
0.4337131597977657 1.8062095953092157
0.33944734014970546 1.8586371073940728
0.2216176895308436 1.5030380615203816
0.4628059765872349 1.62554898829615
0.3640820076717621 1.9160633496082484
0.062420432555323424 1.8299374844130678
0.2963378355047448 1.541081479277866
0.07182510397585218 1.9163857497989292
0.29729173871348286 1.8913429518096194
0.4632673354835318 1.8578895006751102
0.497149925300428 1.5364477344089487
0.37154247877070273 1.8949942290242647
0.1469320682419582 1.575374280946695
0.18495623308469028 1.6692486900093808
0.24064860257225967 1.9577811987574307
0.2833002109216396 1.6468027912646674
0.37242003200922574 1.9256308826632904
0.43329294084795705 1.6874507925192848
0.2054454654202536 1.5332188340963255
0.13563003250702188 1.652018452507897
0.12748180479593613 1.7178531622134459
0.4546035093975632 1.5567153249350811
0.06837362871995162 1.7357136528075028
0.05119190683339431 1.9769209777570682
0.0591777973671056 1.9478298923019306
0.28358892035632965 1.6748467882473859
0.41955594566279736 1.9396532928780978
0.33533000824010206 1.7756124349669509
0.47036151083230465 1.784357817722431
0.3804925586773425 1.7444989150645611
0.38172725672390556 1.9147894602996385
0.29788680264456396 1.9244876377731164
0.18346290498870088 1.5518947606334166
0.40172100614632034 1.9776677111769272
0.0842014831716123 1.948493628740049
0.06491576701147844 1.7366912100764518
0.0684868826258262 1.846421982351606
0.47305888888436426 1.7131789359146783
0.2668740935231932 1.5123549693666127
0.0619334517046542 1.8288267913413745
0.3231173893254551 1.5130314401963214
0.459618304927171 1.83193548893509
0.41465062967597327 1.5141358373601135
0.4753514723335132 1.8371841044943973
0.21781797287933358 1.8387534680219395
0.3516634864793054 1.9796905156639604
0.44769182484350595 1.801100553304953
0.12372901211837772 1.8057494611607288
0.14381919382472685 1.9391405524993401
0.010451390557675355 1.7321117251039038
0.11786604845481957 1.7057331449968778
0.29548656667291134 1.6932653329933032
0.4268837051434936 1.9421229386745338
0.14322866773183812 1.9619026316516026
0.38679964367402064 1.54985958296215
0.23472146379905212 1.5716045899089577
0.4947395230098148 1.6976514574685861
0.0015259299179908314 1.79274624816425
0.1859157474119309 1.6481902087574047
0.08176583431345225 1.7127251569207298
0.11107206448841589 1.8666434017792892
0.4218895471421459 1.6498369903460595
0.08385233357569177 1.9772979675751268
0.2001275851272144 1.8864705003911868
0.013965805619247318 1.8677470114867543
0.4531920171639236 1.5417662712663018
0.01164995394401347 1.8010479989376682
0.4464551288290357 1.816481781077439
0.42168584149252714 1.7854401593300855
0.43966117140407573 1.833527542354458
0.32109995094161536 1.668494379543962
0.06516639491651721 1.8664871257709394
0.4936903172341118 1.9679789059907375
0.0537691008796895 1.8954062485080725
0.07664363532698643 1.825259352259728
0.01438270928768598 1.6542337990233706
0.4597640673844521 1.6687115349761548
0.3981212630305716 1.637520561692317
0.10621314718765773 1.7044110774591947
0.15480834653426062 1.9153287453881689
0.25516436181058477 1.709273672309371
0.42048652275560094 1.5647782526334324
0.46140460874111466 1.787855073071068
0.3581961591094826 1.5642532724931186
0.12466905465622441 1.7681801500469374
0.011108584817259959 1.6120154644022162
0.06237412714805912 1.7542553609103224
0.2170400841867537 1.5248173938023397
0.2834181499534041 1.5233292447078848
0.276439686417132 1.6440830790405618
0.4278473340672445 1.9545006979900912
0.1621350254141593 1.52731947844852
0.34743903942253707 1.5019348490532602
0.10843689906715592 1.630646109476384
0.015633165444915775 1.8807316384490376
0.41964483215002213 1.6946769020823622
0.3717462882486064 1.6164022716288697
0.29356189738355487 1.6304619159133504
0.3240322441678218 1.9199439351736476
0.3643189665168232 1.8647932157349345
0.4589064888559667 1.9896632485878034
0.03062462215932682 1.8449028167764951
0.029530855920184507 1.8081841124324984
0.45049842812173224 1.7214275378157669
0.025958831226755685 1.7984858659306653
0.3516117288698256 1.625488658706849
0.0611707802907549 1.8263525956673685
0.027551649715664484 1.930831779374638
0.4425820103682383 1.9882748760972442
0.06464005152693503 1.945195038620739
0.1369859041404044 1.9036301440765633
0.4713809522655576 1.6064212848153157
0.3783980486935658 1.8378781703774851
0.4631761481250087 1.9683028205579902
0.41289601711212365 1.9195432738838363
0.18864015722778632 1.5487445689697135
0.3223038439110772 1.977914991658334
0.17066220602285181 1.9785545174000991
0.019448571007554594 1.620684160883252
0.17530402272850443 1.8330177587977547
0.36172074078985295 1.5911414440833498
0.11468912391046754 1.5503831392044232
0.38679892584650855 1.693100646823432
0.4362301051641226 1.941489297686829
0.434653097584132 1.6483690219773959
0.24985734300277818 1.9729792458735165
0.38331974884959646 1.6563722442781743
0.1973536644989376 1.762900703155358
0.3924462311659784 1.6584517630420825
0.2734659796134321 1.5619617053228159
0.4182302269961654 1.8703872989056018
0.46715630045479806 1.9063088129997725
1.8361344844060994 0.03585756563504422
1.7031710589936149 0.11841789114052226
1.7836356290125068 0.0708373639303097
1.6290488372869847 0.40153521010658255
1.8142699674902667 0.31433940552388456
1.8107532722038162 0.4200788246281692
1.6363679184207234 0.4744442400486043
1.8713091480664792 0.48350857761851723
1.5951227204365321 0.06022206270839009
1.5311360447275977 0.25439498403985067
1.6450180391848988 0.11993515817130435
1.8862155963502851 0.2827654101808035
1.8511427404672698 0.4638198366568129
1.5907944093758315 0.1282784013926021
1.95255040794689 0.23578208347013008
1.8950165514666837 0.3693747770772068
1.7185746252265264 0.21250113249601732
1.7246954386628417 0.4142765945772625
1.7298903871252942 0.05072039835002501
1.6803768378363126 0.22255293178564423
1.8201155101900046 0.3739152959184503
1.9759107478293676 0.3179440482745674
1.7208752467928727 0.08806280497769264
1.9329415112260175 0.3232330204534442
1.9635067197073177 0.14289747131231378
1.69704179016617 0.17617677277935023
1.8039592294185018 0.10982406634185304
1.8436577292241056 0.1918559334165158
1.8539499404090058 0.43056704341712276
1.9975984669890718 0.22127571756753678
1.7210635196868722 0.0016720874740841496
1.9984953286260785 0.31864765284533914
1.783238518957176 0.39913535132935
1.5064717329410584 0.0705044904777139
1.7489614615358067 0.01472107128975203
1.7572066795790875 0.0586487345853971
1.8834944134754816 0.17093820163272927
1.9436409313137755 0.32590709601202195
1.7135898879543576 0.40518235871131325
1.9227664627018035 0.1887617578374085
1.658401486318984 0.06520887320320767
1.6202561712603152 0.29415131126621613
1.8726771031219416 0.13788853479659252
1.63313204706136 0.4490820864470496
1.6298258128059284 0.3411072559471184
1.6112367907907164 0.4611634018177741
1.8170781328372179 0.4447064440619293
1.531964969937742 0.015777764273653128
1.5627135333845004 0.05052068563740453
1.9695261615427198 0.4813195986415108
1.666207808894002 0.15385478240447564
1.899954341543601 0.47778410819969863
1.8561568828783965 0.22915213573291582
1.976143659427076 0.06596011661267309
1.957962493342729 0.3311418082307
1.55338257504703 0.01457860890903756
1.8135191738787273 0.27941143637902793
1.5451744184931033 0.28099139271200574
1.758520863008432 0.39913889607473313
1.9415741868341807 0.09730178122676214
1.6295091406833784 0.023624998935382613
1.5278373680135404 0.3883420003925059
1.6424145043243978 0.025305449236579347
1.9998683840089364 0.16048960767627446
1.5570953649719934 0.031079839163576373
1.7847723899265167 0.49103794429938913
1.818258913941112 0.19508092080086187
1.9397557929110392 0.3166831313647881
1.842151528619121 0.44741749290459637
1.5206869438967847 0.3666630264962737
1.8005355173339093 0.010959411137350716
1.7828202505408495 0.3111809275344954
1.638722846029949 0.17989328582799463
1.5005030530133894 0.4989697909487194
1.6528153045942326 0.38356267692561885
1.570126113254978 0.03919999126418128
1.7428046113909779 0.41701683792995203
1.8911451203205005 0.4424067560445801
1.9528148111119215 0.4057269341233989
1.8036917028724513 0.07271067007567877
1.60752321694534 0.08608919358170708
1.5981092196041327 0.2793275201334014
1.7546749566517503 0.32561925639337264
1.8016896388535861 0.26921138382091314
1.7276104323988013 0.47715237212382466
1.5909545429730247 0.05464740143555008
1.9488533848499618 0.15989917865067438
1.7740145239543317 0.15970857061412508
1.6060615809629206 0.38686688254468243
1.8368575629747306 0.19771317122627385
1.545020999173242 0.11294102039848702
1.5498587431941244 0.43816761236089097
1.6408680109859222 0.26083281469942377
1.5863695731587342 0.06615155282124807
1.5283532740359456 0.093132661448592
1.5139369590240142 0.49970036118775374
1.8947148600309194 0.43787017354233637
1.8805182132564218 0.3714621756539709
1.564606929084602 0.24226637037592857
1.9329997756857558 0.09975483778485988
1.835534379966878 0.2247740800047761
1.7733936764173341 0.3711204222782723
1.9543726384777642 0.019037250665960737
1.9792775691558435 0.33157273414128574
1.760805674645642 0.1550604714639816
1.8893600295828863 0.336956017773782
1.8618944339507493 0.0026650427396477383
1.8824946390155102 0.24418042207060886
1.743491375775438 0.41021781740148144
1.559032541877365 0.4345728180140741
1.96884631330585 0.20765476858371984
1.7670946898165405 0.04817893981892568
1.5625019036732115 0.00698065828508293
1.9031614036686175 0.2735754860878495
1.8284568211509837 0.3257120354021529
1.8563180851312695 0.4815987810874507
1.7055779539902178 0.47914047209727384
1.8585626678483098 0.013368718223840559
1.8203721172526492 0.43582833227964
1.8497714907011367 0.033084947586026925
1.657481808664442 0.4074094567518986
1.765236807160028 0.034294518519994655
1.7316481465892548 0.34855225920753385
1.9061306218183591 0.34467794416336206
1.8113881457218812 0.27585301966929193
1.7588157526527288 0.3088733961691668
1.614262698416879 0.3754621379470578
1.7876166778274796 0.24145636762012546
1.966364875399754 0.25840643981715367
1.8374788778683178 0.23291472743684866
1.694537793344888 0.43985564978232466
1.8478870261444515 0.4603066974702032
1.9988347181918615 0.16399136310218604
1.5974785814993169 0.30126230882006544
1.734863077700046 0.0696720874737039
1.669980871416921 0.275085876426313
1.9209081603225795 0.3937478013107431
1.7564161603681103 0.13794047402812848
1.8731109063204157 0.43866303410213814
1.7859604759486545 0.3404423745569525
1.6634783122599037 0.38889726195590263
1.7084085546832122 0.015466469663539872
1.59013372972775 0.24682682142166124
1.5348885217254518 0.20156129881385
1.5469683914557095 0.17275254884404806
1.9802864897859822 0.123094704387604
1.5807342693792852 0.35612259158659054
1.7407823403529785 0.04209922325044063
1.52762237355009 0.21538996875178995
1.582964898091747 0.46875854037201176
1.928499383794991 1.722479557014514
1.5171855155621776 1.8675743277075685
1.9322295816567143 1.974499480301025
1.877125940547789 1.9244752157439204
1.609887896919639 1.7901169283489669
1.6299975659662445 1.9464774793087445
1.519173582877425 1.5909284645436057
1.697355477784543 1.5499794960452788
1.9779633697468422 1.6391904219325937
1.9752023505605636 1.9563698855193543
1.8286963367516593 1.8424347092227769
1.6038734853711119 1.954351736546177
1.5011621796966836 1.8027807236224338
1.8531356923080489 1.9072329791891773
1.9102679461624608 1.584164289948137
1.7559991776697603 1.580405942257102
1.6574876391796411 1.7942395409613519
1.8459330224887645 1.5393360786509347
1.6399527654148627 1.529369832217867
1.5264912117659213 1.9216034814028435
1.5095207897846106 1.5109091234514447
1.7297975076286551 1.5178875019206797
1.9656625326580865 1.8488850424159482
1.6009039855628213 1.806258057829386
1.6106384060833543 1.8052305588431858
1.9787294356092366 1.8717347712050039
1.5431870094211406 1.6928707495742428
1.9311001966262955 1.5087974826225299
1.5178290354789807 1.6392566693067891
1.5413573190477776 1.7483795606838413
1.8508928503126196 1.8633484987640627
1.537060679594188 1.5728481372569276
1.8114973733974935 1.8635850277410984
1.6975115186268586 1.6825728412346215
1.9959813979958372 1.991037016138193
1.7761319532315174 1.8559073742563534
1.6476479827892407 1.786726839855384
1.9261808407375516 1.7007560650563542
1.5501957800380946 1.6950073070912257
1.8238520963397455 1.930369803563238
1.9928386237116869 1.8259272011034897
1.8414929009392325 1.70861395189282
1.8778682523396655 1.8286719646042036
1.735495633195775 1.600672937840997
1.8172941237292486 1.6554523288193839
1.8783587113255584 1.73400436591087
1.5441981769171735 1.5406243784609062
1.582478073806047 1.9213277984551913
1.6465711480338672 1.893359595283235
1.5344222646731747 1.7225311168791955
1.5166512918995885 1.5038433516212688
1.7827606667167883 1.7256002198526537
1.9971647143403866 1.9927657571761
1.5999556516937767 1.7080251039230652
1.9973711048210632 1.79177885541746
1.8693960208416445 1.7996083833041063
1.8464469418455673 1.6286291140200864
1.9323403166280313 1.805199676478576
1.8494926610121925 1.5048345974961659
1.5663552099271056 1.9616022543994704
1.912328696765584 1.996061233205948
1.956775229645847 1.5967455599413998
1.7052497007131473 1.8757627281159706
1.6657770570951551 1.9311904738878414
1.643034776477736 1.5611838140174912
1.699852346598214 1.6121311349519012
1.968765572194258 1.707486779681181
1.825780067797227 1.9982804768341684
1.9423832463524446 1.9305463617823637
1.7876402575196824 1.7203737344612768
1.551418627660146 1.6218680347358279
1.532977839004058 1.626497274200617
1.780959567575981 1.6301202706356366
1.9649164279543068 1.8840474010685992
1.8026726741139536 1.7229311602541566
1.5988383570861726 1.750846690451098
1.9685760369177345 1.709884967399298
1.8171887966683933 1.8467929438620565
1.7242631798807289 1.9030647467608892
1.6840279935831293 1.6543885769686255
1.988407403985176 1.715021644283556
1.5021472791091928 1.9515957856830446
1.6806298275929712 1.6457122883690551
1.969880719349687 1.9336856943011456
1.9181929894799432 1.6897304080017106
1.9221858321394594 1.9120971755507952
1.943485991402816 1.803069253444542
1.72113315628722 1.687793756948464
1.5888961662729093 1.5046862500699139
1.8946357150886932 1.9842046259699322
1.5334157925537961 1.952301890018585
1.6090661920394969 1.6905585236957243
1.7562117242520447 1.92414955785016
1.5013505318704754 1.6102669002641927
1.9463894116594984 1.5588034417343768
1.7891936315748362 1.930985244666839
1.6853117535182334 1.9537468579551756
1.9242837227343221 1.7330794431863144
1.9780872484921166 1.8000032359097928
1.852638696715433 1.5314463518286134
1.674220660015103 1.6349373215837477
1.69869912392908 1.601985665629007
1.9839234623418995 1.5282444647887325
1.8953387544036069 1.6784928047018033
1.666210011497969 1.5771806079211623
1.9406551632634537 1.5183398537524255
1.537659696092042 1.97624616999185
1.5742191704474446 1.8260349370316558
1.726603697542791 1.643821891822963
1.7304034253246825 1.5925972437382252
1.5764994388389169 1.9336650537987872
1.6444767254149424 1.5556582497017821
1.7843842020830798 1.8327094470257368
1.958342105912189 1.710296961705102
1.74555378922401 1.748272817262483
1.5971132621764126 1.6038398056541125
1.6639904908021061 1.5175605603226248
1.5651650186666957 1.5292033662706046
1.7795691227362265 1.6302645482048428
1.640860243908131 1.6908309589461297
1.557698151680862 1.8410913453876459
1.732846818737956 1.9548714970194134
1.8848074139750544 1.8632138702702066
1.8976347467706622 1.9109719284218103
1.7139724586671934 1.6759261385542747
1.708104976086438 1.6669021700881652
1.7089696687044904 1.6501904617675756
1.8056676517565253 1.569203892248121
1.7421849930412676 1.6943020042541717
1.5649792861966818 1.8931525098086928
1.6120533321722061 1.9485554878399785
1.8494444891401125 1.9735441771234283
1.5590843173541407 1.7125840733996964
1.838169290610189 1.7541672303770508
1.5760340279410208 1.771950722329995
1.8605997335521396 1.8182902817396043
1.6274115414055619 1.6016072759437152
1.5837704956384058 1.6250967358869708
1.716262475080712 1.5629968395498848
1.758905044089738 1.9177182375236757
1.7620512416101695 1.678860127570402
1.549049862246491 1.5873671701558902
1.982467083253549 1.8652165591930814
1.7274921394510416 1.6750409456579574
1.904108338524918 1.6235261578275726
1.7579012133245635 1.667368525660393
1.7622528612000323 1.6476982996841452
1.94145092543996 1.796392280251869
1.8883017552400578 1.5803986806324428
1.9436211915246049 1.6844259839873987
0.6899949372196779 0.2088127440573414
0.6375773856988631 0.30768178824897774
0.7416260906852863 0.19494755086560178
0.7542585819431614 0.12425637934668839
0.7475856388717705 0.10233618186600513
0.635589786473145 0.13802335974088425
0.6302984465106028 0.2693694009755
0.7327570361977247 0.2620991206436611
0.7438937358059834 0.3178541540172833
0.757983558797124 0.22457164747364788
0.6449170571695385 0.022847164585908922
0.7253342287175788 0.03129169163492458
0.7489990309348505 0.33204189889137065
0.6712909153202781 0.007300399195302765
0.7207281576939343 0.36289479267115193
0.7129904553719076 0.1804311568311872
0.7105766104395084 0.3920050161948461
0.7842438017983681 0.2382012746591578
0.7005793920454485 0.10008999841368027
0.6529311922044065 0.019187396285651692
0.6495689035394072 0.04722716560380369
0.6680949633294735 0.09265658272690414
0.6391184764092926 0.12686034889664274
0.711028061997885 0.03530327601414514
0.6129499814751473 0.3833976451261104
0.6318828907699919 0.1315200771668133
0.7754122376499524 0.2770554433138559
0.6418017820430955 0.003709134758825572
0.6687384303733052 0.24093142706464082
0.7002968167828382 0.32171816886421956
0.7841423649505199 0.19911782784965673
0.6885833463830603 0.04556400516236319
0.678414978435091 9.939090883735347E-4
0.6917981403313992 0.02318426531900042
0.7655339839244379 0.07566494720383271
0.6265096488655076 0.19503604255378715
0.6319011808252686 0.22184327121758418
0.7446543551941677 0.1499385385228365
0.6841734999997566 0.32229475013155573
0.6210098703101482 0.13163479100938535
0.7802553859165438 0.1083024965544603
0.6885418985665089 0.21312570990144297
0.6168717533094783 0.2984274605700034
0.6244388048309615 0.035907673463113944
0.6512422043094649 0.0971739435851407
0.7093740623797128 0.253823359050578
0.6197288946351897 0.16299596780882195
0.683513426268484 0.02631319545898685
0.6829318309429158 0.14140870967867092
0.605010253763682 0.17343325852428568
0.6745571542776576 0.1077973144935593
0.7802089189461006 0.13508349667918007
0.6604853210158336 0.1758433964472794
0.7795028739432777 0.2694681609379081
0.6248177688603249 0.10131788791106625
0.6787704394326574 0.08088859976940457
0.7912822221893013 0.14731677587367042
0.7735380081173595 0.08454663899198854
0.6612283079748394 0.1758446473146152
0.7014968409759833 0.19611489224761847
0.7035466980623144 0.29197880991743025
0.7787262626657655 0.37640843150169045
0.7671966880262955 0.19067510300632695
0.6059526287797493 0.16657046817923132
0.7036284485328248 0.042604585091119244
0.6333999020001349 0.3167627678878666
0.7842380660134889 0.10423831138931364
0.7862643852388356 0.34142959420373736
0.6770946737960719 0.048725617698378666
0.6475726050125399 0.12678221660160488
0.607530925933837 0.28793957488503813
0.6711579198945917 0.07122904282498688
0.6687893056354149 0.2923910286397479
0.6547180783744503 0.2570545865627959
0.6717685401174555 0.31454126888060624
0.64139237875481 1.6317286499372332
0.6270158019315103 1.7823710941424689
0.7380237468022162 1.9198052274089887
0.7374621077492267 1.9538922730050041
0.6392475990322355 1.9914485861794233
0.6469996878119113 1.8096157339048506
0.7287758126758881 1.8812024513501768
0.6378518258990438 1.808818545128053
0.6927209156342276 1.9806959404886821
0.6987871766198388 1.6467803148614844
0.6245318827758211 1.7215584015641543
0.6965820775998911 1.92398734816365
0.6270897129079768 1.719893066702437
0.6747360347526891 1.6746313827238293
0.7247374738953876 1.8712379438967037
0.7762970474282407 1.6005575816443312
0.6864959205233111 1.6650201157464324
0.641755004177518 1.81814475016641
0.7314426114855253 1.6300880528326358
0.7683130191618855 1.7494287728522078
0.6382087514678437 1.9279844277755003
0.633448010749062 1.6751084852678013
0.7127747481528266 1.678200241679855
0.7835235542109775 1.6159011764930842
0.7822219123289352 1.8297290846148102
0.7673194021020764 1.620043267819661
0.6768243249453706 1.6858184453475884
0.7546938456305268 1.8085595287581067
0.7388415257226932 1.7438932819673076
0.7221964655952935 1.8662526600932203
0.7535991202916186 1.730204956324906
0.6103004747223381 1.665192907739985
0.7369210412380822 1.788836961805978
0.6610254775293619 1.7688156911311514
0.632703770621336 1.927276872904614
0.6300728277817369 1.888563249028371
0.7753993494243934 1.6258421468596909
0.7341975832899015 1.7513344233437396
0.7544005732611894 1.9858254844249479
0.642392431289498 1.8848350012339885
0.6807983796604937 1.7213035815240363
0.748560629997932 1.939248820011012
0.601707918381078 1.6921312701311022
0.7737064496932874 1.7374783838393635
0.7333364336870095 1.730721141967533
0.6372733630775205 1.6825315020034823
0.691192575322793 1.8327868380813563
0.7101115668261243 1.64945880067109
0.7843134477230101 1.762306443930918
0.6156581187537171 1.8505749596824328
0.7101120444864925 1.963540346589388
0.6812645591811683 1.7865248624507875
0.6374245467070575 1.9780162629817406
0.7582082972307543 1.8820835609331237
0.6975632969641365 1.9319720296705176
0.6267757716595271 1.9544076045022352
0.7166579986475695 1.6898251867812764
0.7819068901246106 1.6727829838767254
0.6172940818029311 1.7618161216242079
0.6552417369551607 1.8427432487637136
0.6934339400729399 1.6090500396201757
0.6710122887853857 1.6837595314434186
0.7198330858350206 1.806740876726361
0.7560732192290397 1.868532158767915
0.7956400506018239 1.8065385613647391
0.6284676247318465 1.953241828202476
0.7415952079128664 1.9813990477090826
0.7742749217465142 1.9519464052837932
0.7712204716281084 1.6415348125248963
0.6890898762841696 1.9946373894143246
0.6386181654313245 1.7775613848910055
0.7083330869759881 1.65729848697459
0.7289741694927179 1.617033915735762
0.7796950537120023 1.6636365656806305
0.6025867054066743 1.673145641825358
1.2413672809769187 0.03198364462802999
1.3292190485675892 0.019438435490611063
1.2613156358891071 0.3771964276632135
1.3568006484244202 0.24195358674400078
1.2657025712037284 0.3762083580164062
1.246978010153614 0.10032915840899129
1.2386665394792729 0.16721692437459998
1.379743048156937 0.171928520565773
1.2110183552809757 0.07631740731813577
1.2803432641080035 0.05816248349061395
1.372015902423232 0.15172205534471603
1.353904702213357 0.09974585141132081
1.2362301377932234 0.13453216266431553
1.3266750846325222 0.17770721742129647
1.3766168718541874 0.10635830970026278
1.3875212389082396 0.06954905055904757
1.395260418767639 0.32791239731511984
1.2992913186281625 0.3850329992827592
1.2448566946029658 0.11902307371825877
1.2068790678654935 0.1236437871436345
1.336855028145664 0.029354350614447047
1.3073038186761976 0.3758630513848856
1.2762793436337616 0.21043536419841496
1.3668464294748954 0.03296242050039124
1.3486011101549238 0.02343727364278303
1.2712581612052478 0.17510369216873767
1.2506379085360404 0.3034614729867735
1.3772857640624556 0.27511158487200776
1.2053030099213293 0.3499313059062066
1.3972327995525575 0.2853630724605884
1.3291330534490184 0.22400798430340282
1.293003735629755 0.06781523909606327
1.3318723183866055 0.10777878783152049
1.382053924562265 0.282271693214785
1.318993739251847 0.31629469358216744
1.364895046086879 0.36556580572126995
1.2408883651240996 0.05236181866241423
1.2722823448515204 0.014417163045473115
1.3865564880639476 0.15531986861374047
1.3999363673835001 0.2272956559417507
1.2549853003791664 0.11886842976731025
1.34962855358899 0.06570575070476262
1.353999406260136 0.13933043832428874
1.327686639221441 0.2628817942752105
1.374222164705456 0.10456990579220271
1.2654522715648595 0.2379631222620244
1.3648873140804376 0.04510953507983713
1.3209499330933934 0.1662959189080301
1.3985920562309653 0.24282164453076543
1.2970027302544218 0.11158695225234855
1.3536840624386632 0.3288939490266533
1.2682572063270559 0.24321251195758228
1.2658267507118117 0.1016002935810627
1.2480559175991381 0.24206365847793962
1.2043884699462724 0.055733899496032274
1.2458230798241379 0.1408875021433636
1.214652963383743 0.33938940862976064
1.3666050367962121 0.2501619765525683
1.3334499920480254 0.24010778033148653
1.2866340659914997 0.08811984715332302
1.2336565079315625 0.3512263028878297
1.3022604470141643 0.16361581162748606
1.2821204524679424 0.28060422754230874
1.3943243015777296 0.053108700386500375
1.3059106533451919 0.13772248451048205
1.3760153407957958 0.26810877642500314
1.353398051680084 0.07148409759617062
1.3994951746595188 0.32701851233858903
1.209524849045934 0.029870265098598605
1.2850333659712712 0.025373022891372134
1.3787199006462827 0.07393477330006784
1.3061350539730983 0.34106471641037484
1.2842701324627006 0.002447986778336553
1.2151144840956052 0.31621483321959093
1.3495593615905634 0.12982945412761393
1.2257953295310493 1.8249323643068265
1.2244374624574579 1.6088364122131549
1.383495310486191 1.7662794911270328
1.2990844008390205 1.9008037317129378
1.2471791023598484 1.714340280340519
1.2080851661197858 1.6700586386182128
1.2846401637996638 1.6123678544350324
1.2690332429454665 1.9154620865075611
1.2387986563025437 1.9155632458385454
1.3228318391873517 1.75085632153019
1.3616790895952393 1.6671172422225373
1.2469635564635928 1.9075268000356056
1.2323581018759828 1.9347246965398628
1.2983508920825397 1.9556143458850657
1.276149111155802 1.6398590248183964
1.209031411412129 1.6277416833053608
1.2845173117159445 1.6796723696764224
1.2057230028458854 1.6769467867813181
1.3986949526423729 1.7714655448055572
1.2534562969082665 1.8123432499230103
1.364693464583907 1.84224951773548
1.233802721110622 1.6297564017892094
1.3933854804026433 1.640998700677332
1.2598284017629335 1.8909117016839967
1.2665564679705317 1.7687741106952781
1.3027555186716526 1.6035802677057358
1.2183021298609558 1.7019729017852727
1.359414448003299 1.9164143939308385
1.3908744347085604 1.6265385632652192
1.324921445856643 1.6660341344216862
1.3150555295377453 1.8060446457525485
1.3516182786259807 1.900254103749396
1.2973655357842768 1.7741424178634244
1.373161747367075 1.8501677720341458
1.2098866238984864 1.871941519379558
1.251752538720165 1.835134687826134
1.3732124449933598 1.9434705824476737
1.266844610207999 1.8585440835464482
1.3990085050900518 1.9574427699075496
1.2052775633472603 1.788556676555788
1.2158956246145876 1.7411295926756345
1.3356263392597978 1.616854274190074
1.2408452269523176 1.8922242983309254
1.2536638783715233 1.94975520942782
1.3780017109605947 1.6771543097557526
1.3711841614229068 1.6098816440744739
1.2278238158332673 1.9293803140112016
1.2870344231579232 1.8128928254985193
1.371663268350646 1.628797699298409
1.2270569971021734 1.632626608123701
1.2603758067297317 1.9734342728054228
1.3687428551380898 1.7793197255736148
1.2802860854280098 1.7472160757066253
1.3767503150251736 1.889405220923302
1.3958044432860908 1.8426515972422006
1.2670441092356046 1.7617138261931662
1.3752203941256054 1.7148623769496556
1.3902614732361709 1.6737339326258738
1.3946738686829563 1.923466607243083
1.2790135140369439 1.8729132369447579
1.3850321211275143 1.9613999228040877
1.339181669710611 1.7618129161236118
1.2373765785685023 1.6748362463491628
1.2818706630313157 1.9822536331886078
1.3150305416992174 1.7459492005441604
1.3905308204952165 1.9524205754072008
1.2335352857406392 1.9403330587727148
1.3968643591969738 1.8222229798869145
1.364708468085887 1.9134801639484815
1.2994816005772942 1.686031655785645
1.3968955526693185 1.9257899098465738
1.3008748238066692 1.828246165047787
1.3407513498021768 1.8331625150990452
1.3611288923726157 1.775971479459649
1.2083653788200683 1.800308955854994
0.7088943259552578 0.9720599476769378
0.1327142248319353 0.6324325275183926
0.31460881505840965 0.9220943359703411
1.3985799605003126 1.8922372708318052
0.965082580808533 0.6397753438819742
1.1292324536718035 0.4648339430134807
0.7768809990714196 0.38035055814863616
1.6159417675678238 1.2069633614611188
0.4563561710219055 0.9265255400779153
1.1655680133250477 0.20620833237898006
1.6808656202167593 0.41138324703429685
1.055202260948092 1.774693700563786
1.1851395750538705 1.3625801905264092
0.19064450385649878 0.1669023720323226
0.6151140889451068 0.042344271324411764
0.07497961449816071 1.7103879979249805
0.752562100233283 1.9644377995412303
1.390780193012743 1.251057066686844
0.06737094168939795 0.5883920526806401
0.00922920521193249 1.3400840189337446
1.7203296758931752 0.6229578469877031
0.5617217675001187 1.4274117815852572
0.11780593816017837 1.1148596231829513
1.844270371278191 1.4771829540683372
1.9107071499326769 0.5555797447404585
0.2723045261099697 1.8833361402696644
0.9336369896522563 0.6080402310833886
1.363220216171877 1.3389929698597887
1.996172937928979 0.7366912378372898
0.7963009997861845 0.40115177763974863
0.6667074401399407 1.0186540659972343
1.9843976694941667 0.8925949315661899
1.2303094310926208 0.7202089907267506
0.2890201997968964 1.9958067799664
0.8555801267027954 1.8420579535848378
1.0202589961695447 0.9190909573807278
0.6714911164961612 1.768432884562492
1.1852209245180034 1.352964756908937
1.933710116832616 1.3992607116929678
1.5834287842792778 0.5853002265396741
1.750933026107975 0.7012380623430083
0.29490038721723 0.10657210736006983
1.9452595177390437 0.48280686737513756
0.8663875286336846 0.8119626862521769
0.5366620492065235 1.3796659051230826
0.5735218784684541 0.494964723812197
0.07011609129174845 0.5315906369982253
0.021379587042863024 0.22751470728903156
0.5449736502010301 1.2379769181131508
1.0432430683117246 1.4345776523656943
1.059678488571306 0.9986634798024441
1.3671027008940753 0.9964981825184658
1.45093639232346 0.778228363921774
1.8417079614341216 1.5503194448111062
1.1849706572305718 1.0760971122208247
1.1487426930826807 0.31166606024367804
1.5495068241188998 0.44143829555408765
1.874964661829845 0.20167434737687517
0.7986480419235782 1.4409648313892651
0.5779153246663604 1.8388465665893778
0.31881720370503785 1.7693994969736737
1.0510717963019118 0.04359437549889589
1.1124573710445351 0.18650310965911943
0.37907765669082094 1.9036288256700062
1.937198573024359 0.27120511795117297
1.5709558575719775 1.1612438976628916
1.2917135590047963 1.60251691949099
0.568971926736844 1.7089320572810829
1.1055017315655618 1.9085486318385743
1.2530818246223396 1.3176594780304787
0.4683554129822438 0.9690903780126601
1.6956638247008726 1.372521492980026
1.0262784876673576 1.6138609311726206
0.36850011079818423 1.3533869303476578
1.7741431220279855 1.0276655000675814
0.2637384604810613 0.07353257935028967
1.891385811386971 0.755346638403303
1.962831735358137 1.2771586159686632
1.995559709203139 0.29355185603091183
1.5722156249589236 1.0970667136232877
0.7295754011569471 0.9629824615520459
0.141754545483759 1.0866733408252618
0.9519790819038891 1.8739292228649373
1.6917473538264347 1.0659209000158152
1.965630885881233 0.2295398956129706
1.2965529953836603 0.8585410646105629
1.1986634421928812 1.9554059799873922
0.8076605132358159 1.1485133947657074
0.5426156068278178 1.700694816379778
1.746293609148295 1.1464553581527237
1.1561517833243011 1.6251955917442513
0.6554061502231592 0.5320683093687271
1.9587931860677332 0.06828664004066876
1.7731894237526518 1.2266558669510919
1.2676030538445704 0.18997388335702636
1.2749791166446558 0.95012158272613
0.07078333407938064 0.9807891332878442
0.5277147789036865 1.2297431059025568
1.285655640950205 0.6564792584210428
0.810869337047563 1.5534105913513256
0.014515773820241495 1.3850559794176789
0.7800342716703501 0.6979086031498805
1.2903658157116056 0.537918877749114
0.5841083335228001 1.9132100318624985
0.09554409313500467 1.2134027828367584
0.9943070786802854 0.6066423753530668
1.5397881776523235 1.6502427241196722
0.16297245246711034 1.4461767472409575
1.000282894540487 1.3300891985951606
0.7024301806989841 0.3899805287981206
0.7547597429147677 1.0623485280202907
1.6589064212028442 0.04976581815769987
1.179730098959865 1.151262079600626
1.6537822139161182 0.008355370975614118
0.9394510860309262 1.8642797620677176
0.9742284856682071 1.2372801289119535
1.7572369826850502 1.8524238496756429
1.7175311698304558 1.5981104545143745
1.3392461944302325 0.9174792470616799
0.22818089123647178 1.5616167872666311
0.8118886833082364 1.5774873378377958
1.0140677723661975 1.7417434596433579
0.6375141625810818 1.2511610988942232
0.08788709198745392 0.6167718775675657
1.3890577688026111 1.5634800749713498
0.25212750079240775 1.8979388155263803
0.9928348766364516 1.2688632165451366
1.2307789885537541 0.40616658370474457
0.08969266672010834 0.5949606442760855
1.7481634596074076 1.0304528623346385
0.018241414148779 1.429242876472455
0.6650562206149919 1.3668573086918325
1.589904486459347 1.7022094161091037
0.10453275103541437 0.9749144527794984
1.3040413842303513 1.565178065762262
1.1347402926218986 0.8386917694397518
0.9424136888449226 1.5172560648905216
0.023059162244906783 1.5826024985694545
0.5857799476255274 0.5052371342479489
0.33588596115484437 0.26747424484357185
0.011420091267719368 1.2018066010201258
1.2305336457442655 1.1802640012636694
1.158907114600076 0.16157884662018795
1.1705121707603454 1.9312017620433874
0.8924577669355329 0.36113224097010677
0.9927164034419693 0.38503453492199946
0.6417111809454363 0.7483456382551923
0.7648154286061255 0.4784343244726257
1.6687982221755442 1.8579829826113832
1.1934021571350215 1.813523513029852
