0.9581615356423596 1.097922697065409
0.9624209985333256 1.0903978117778625
0.8766138795963111 1.0341170759915115
1.0015171566078425 1.1296057795051477
0.9459036631832081 0.8643606651003073
0.8776579975104093 1.0247547372778985
0.9991734415877436 0.77631608750254
0.9737160475997807 1.1808904792959913
1.1316091885623103 0.7945979049322146
1.2265227680191229 0.9042293692551363
1.1195065916747209 1.0611193680282909
0.9699091144468965 1.0739496150634626
0.9627565691239219 1.027833341362438
0.8078807298749641 1.1228991131259378
1.1899865763207194 1.127006973000867
1.1154162816696518 1.1338147067096493
1.0016292073031405 1.0178613815046054
1.0519748660148114 0.8054015950740037
1.0903499764710323 0.9952239324277535
0.8385213290021205 1.1935006360750942
1.0705510215063714 1.0857820260526991
0.9927257659428287 0.9865749577980558
0.8690779609851145 0.7505939194706126
1.23896633495296 1.1318765434059572
1.1777921152432413 0.9587032662708408
0.9098619783420889 0.8889069888682527
1.1453303600309757 1.1960206626631162
0.8342844085205594 0.8501658562551941
0.8901603050465015 1.2260767128073855
0.9631463966012119 1.1356837116098872
1.1499484316681923 1.124817802932542
0.8187360239610557 0.8374660742170394
0.9432940162593579 0.7703067859003454
0.7659640973941553 0.8627280702955593
1.0090418837843713 1.0800076600339223
1.0946148490652552 1.100679009262537
1.005672236446257 0.8532742454386404
0.9705374342935493 0.8166193358390793
0.9986756632584723 1.094729665440827
0.9606885271294653 0.8592420193937269
1.1373571286388229 1.1654146549418007
1.0620339816443596 1.1522838078929412
1.124172257055044 1.0328990417855644
0.9675401205370537 1.0300508869554617
1.1094849531947808 0.768992434988045
1.1838328885343998 0.7678475326748797
1.0025451549585316 0.7742562959030812
1.0745757990703195 1.1529649501029708
0.8755208967562709 0.9922110144716807
0.941215271616088 1.1396416012494779
1.1515789541560895 1.1129482806599893
0.8684644324407179 1.0322852318964053
1.1102934161071942 0.9557998879566489
0.7557444264080991 1.2452506172051805
0.9140718634114804 0.8637813292930608
1.2277746440799913 0.994595970629522
0.8578237885482561 1.03871901672665
0.9676011766322135 0.7874950288378406
0.8707561876213341 0.7952871690098494
0.9435750862630885 0.7883603740948251
0.953966420709988 1.2146213482710564
1.0081403759072982 1.0572379557593448
1.2204123977594388 1.1337421362022295
0.9307633855720044 0.7756611392280707
1.0148756260488696 0.8157139998404679
1.0899338105752088 0.8979070448549639
1.230692452682021 1.0072804782566087
0.7898895001449691 1.191476354943488
0.9073143521663152 0.9056587280742139
0.98656540249655 0.8596220935413947
0.9881679219203323 0.8242422009816678
1.1042391724134109 0.8708814599877779
1.2418206687784825 1.068152360718819
1.0994441878337877 0.7558189566226858
0.8011186690657512 1.2048961684062882
0.9819428127144778 0.9695677953931509
1.0547474713996388 1.0428277714615426
1.1339007657686866 0.9602604709707226
1.2335775740932067 1.2106791635629737
0.9778759184393443 0.8280685090391386
0.9701911854900069 0.7651160254692326
0.8318328012049834 0.9073249180527557
0.8741469983487788 1.240091270557425
1.1551161294118022 0.755082288573508
0.7578249000537975 0.9917103325359649
0.8331652344250793 0.883462762257939
1.0681026381853425 1.0853885435846058
1.1707229161239419 1.1302856913778827
0.8276517787682827 0.8182724689573138
0.8633908227298518 0.8227121291660058
0.966300266081145 0.7692133269172512
0.8956054001294842 0.8520245292019494
0.8276941664537474 1.0210222193530525
1.0694566037004338 0.9441638548423068
0.8694012250173104 0.905302994086767
1.2032439046155097 0.7802751394817873
1.1356342128881418 0.778850480929677
0.9512619609904192 1.1942665665770487
0.9709319775087781 0.9524176006676357
1.1870309095417855 0.9502659599880068
1.1604214206003998 0.9575967788449371
0.9610338636608874 1.0818624659654743
1.2276936607463427 0.8556272673140503
1.1909969832914102 0.957150205291624
0.9948629721738589 0.7631315036149333
0.9678449338896746 1.1188444647366267
1.211037005123657 1.1940997166793728
1.1636874136507451 1.0371201101221266
1.0852122474190384 1.1948839805791183
0.9095399699466398 1.20432533305157
0.9175184446722877 1.079528732438369
0.9699550094795163 0.9953535567321148
1.2087713673207605 0.8564565072751225
1.0793365382881592 0.9152093057877411
1.1424528921626833 1.1743440720762348
0.9204348815707358 0.7561834954636133
1.1755231415912528 0.8049652638477742
1.119365250486727 0.7910570710259159
1.1448788919101434 0.823843568136748
0.9034666479842894 0.9358809793557323
0.7948083275147395 1.2457486905549393
0.9184153723765067 0.8261344633218866
0.9574517534288114 0.9213878415601471
1.1292298462768102 0.9634422704175456
0.7730635508381263 1.0040838537896495
1.2361513997571658 1.006535677945911
0.8197803081922652 0.7507985666940389
1.120858061241619 0.899770760174766
0.8336357554150877 0.8305515846709539
1.0010661847069002 0.8552715484641631
0.8387228293137885 1.1751005439698665
1.212297442547933 1.2306443372027338
0.9746886031386841 1.2216908184907025
0.8544362133193699 1.0732135883612433
1.104157894240641 1.1657485608064369
0.9376752438277052 1.0338586499563622
0.9062165828363946 1.062582960046886
1.1375448387075788 0.9887842906492019
1.1137456520443152 0.7914793377112346
0.8219439793681955 1.0459372068086505
0.832182409850177 1.0230067292277798
1.1444387832420677 1.154284442041496
0.9851952120711613 0.9109294768110816
1.2075669007391547 0.778798526915121
0.8687933520408627 0.7638042485475787
1.0874838964056799 1.051748046220162
1.0595538278769137 0.9381598252668721
0.8770102367758202 0.9617714216515308
1.0149320378624616 1.1350988977782805
0.8479854338034905 0.9962153855319229
0.37403329891156906 0.4252269957152967
0.10580808178582879 0.45934862396750564
0.4657575275320107 0.4230056265979987
0.4591388325342916 0.1993149981807345
0.35788949112085866 0.08094259402802584
0.15596531207130887 0.19006964796305936
0.43549207255537925 0.07647429882922974
0.14357625963809378 0.3310450816260366
0.47987036540314815 0.2199608704542373
0.09446430760083985 0.44692343503206555
0.030409370711696138 0.22090674056080473
0.1027748827490036 0.29264494651731515
0.45074830705459284 0.011335303458760326
0.19664109361583193 0.3946613447793873
0.08803981253732784 0.14018807690292479
0.13059226260251883 0.28844728891926796
0.459452208471315 0.27068485839875606
0.06919639960923751 0.3944112221443762
0.2736084258292356 0.2837730259437151
0.4981945296792468 0.15960167046489376
0.29631516157136617 0.4151104266259163
0.002607440450955567 0.1809830952121565
0.09972109989031619 0.23046769367850772
0.43264313578956937 0.31756008967479477
0.09195314142472566 0.07500223558587266
0.4377059059219693 0.29325711966140566
0.4103147029042973 0.4155476539642852
0.38640554113274594 0.490215015453563
0.27529045932300283 0.23187862001780102
0.30618787774989986 0.03304450686927274
0.24488678219621113 0.302852704533593
0.17005567606375172 0.36858074737508656
0.47924760892096174 0.37639703050758827
0.12982119393563035 0.352811891434662
0.12402039743608273 0.30849915390086935
0.14542972809114768 0.3669085296470027
0.24760702663650697 0.30567771792632126
0.3881160055407153 0.19765987141523372
0.4222197653659836 0.40785013822891836
0.30150280649192696 0.33412618278329514
0.021572468172344705 0.3040807874682401
0.28922407925284116 0.45194634467741235
0.11907230708628241 0.48238458084460595
0.160252277210503 0.1794927655569385
0.00953766018169877 0.07657731786494604
0.20383246051389398 0.2659452517201748
0.34475274295363073 0.08810553561537376
0.08477321239436564 3.5904988803997506E-4
0.16857976875381386 0.428854997346137
0.14681717346247897 0.16293130739371542
0.26088482985180395 0.4521283741387484
0.18691169880479702 0.42492416850247866
0.15119332511517242 0.31329907250649885
0.3164225612995766 0.45208138775311446
0.44277647156961414 0.12908959893463434
0.1566816319943975 0.007879452709780632
0.1957802955084807 0.4849891547812829
0.32573183529576305 0.09758324760036491
0.05404361450778966 0.3740167984719225
0.4607304610930417 0.14182963759600647
0.06441188721657587 0.13685250560155404
0.3861945664338384 0.31934205986623987
0.22963879728477932 0.41330042563636477
0.48211979049078646 0.07238237374929268
0.25637764730814944 0.008114445514477708
0.3279766692788395 0.32567555296819367
0.20829980744156895 0.4204080309552454
0.29868615052244935 0.22979664377162778
0.35103759880934066 0.0851865120649204
0.4668985040358624 0.2033882261199082
0.3804341536279857 0.1279814570971562
0.42224786206883064 0.21508052723089394
0.4584929597022247 0.13913301544902273
0.4527267693222512 0.11561540755280547
0.042454944306319076 0.1329578755568554
0.44592334070691025 0.4034290948459805
0.381591096321992 0.46885650125201944
0.3585857259329007 0.0828276691527528
0.27358381057421793 0.07635495225139044
0.17182669454347677 0.25289305064764406
0.21778029753203626 0.34414293691902975
0.3962535098069074 0.24738627679060315
0.4761364902197249 0.004361101168560921
0.41640607684851877 0.03116866076405156
0.25433009202926377 0.2677070902928993
0.26710898134205824 0.14704032768553787
0.24530668453337467 0.3423711686732553
0.31569053958941823 0.29839968070593925
0.1354325945760027 0.3003787417791721
0.28349494749648785 0.14775607154063097
0.35946391302363784 0.0386083921287394
0.0777109197627911 0.10888186822909718
0.4047006519396 0.31857050022078837
0.020263170296381694 0.31126924932882627
0.30698078012024915 0.05897309837300985
0.2543604636468208 0.019560648362790922
0.1515782929625351 0.19816759954697588
0.38126694230970015 0.09775086078706902
0.3906055168474434 0.03975890747619426
0.22996071714564087 0.1182127225727963
0.11517915296130016 0.043980539411187736
0.09056675073822129 0.42897714606801013
0.07539527488157394 0.02987689614323996
0.2487983985244826 0.40920208061424074
0.22406855196552083 0.2089010996194564
0.2431147771602628 0.26239428573928264
0.37122580873242733 0.3792285346166479
0.4288988822899822 0.019701046855442994
0.17550475170924462 0.4719022227602776
0.17468370614760836 0.45146857105215427
0.16589323580425736 0.45486787752052454
0.3343017758210741 0.31426715862936333
0.2826551118640645 0.36902271579519735
0.03580554881080533 0.29271253749368614
0.04982347654823832 0.4915936995661292
0.30310442239583196 0.1306663109534693
0.4433026368983925 0.2964769930750243
0.07948616683790544 0.284777772566008
0.29840490427487826 0.008612179494769667
0.35353879359323204 0.4748328347894692
0.20855877188829175 0.13003083761787237
0.29746099818984967 0.2500050211919998
0.302960048981962 0.34891080455177126
0.11534748178062076 0.13785725238281266
0.05509777102611785 0.2297835931037615
0.16475766629227834 0.09382212460234685
0.3663716798755976 0.022984013185695762
0.35872434879811926 0.3228921570612831
0.0894285232294108 0.32449744677230596
0.37733114897561176 0.10238057629074043
0.4043791891710325 0.16355135629995443
0.31808558252893837 0.494866987109614
0.03771931878377066 0.39461455467963436
0.09253702136511877 0.3038211675622568
0.2185606949830703 0.022908594168153107
0.1329365647299362 0.29090224913287116
0.4996912439817728 0.2981024199066225
0.30720848250043165 0.04355938332710574
0.13201655119946615 0.06955263227489272
0.35310046199887457 0.4543138077886322
0.07009572121926838 0.008268338504517136
0.1331027953702238 0.04898131496271585
0.40376997644506507 0.36572061261052663
0.0805739022745115 0.3800979202352842
0.056292064050350366 0.4576834467046114
0.35448269740460614 0.38394044914783354
0.4629002627873522 0.03248404505514563
0.44527553326198877 0.4847875986488588
0.14544031506788108 0.10735702399056823
0.2775984669903133 0.3184462075250209
0.1284243172693738 1.734038418314872
0.23695299281771404 1.7385709009246282
0.499825359045441 1.9853016116370834
0.0068362142271068405 1.763934741381552
0.10594213475643843 1.7378290595617347
0.14051397220219736 1.8225618782022048
0.383827657438692 1.5636297093469043
0.40729814482040105 1.5495125991600611
0.17706172793984865 1.7321537604713024
0.1470470028178804 1.999114648945206
0.05105636943930503 1.9683225313587986
0.1385801902398947 1.9395639460775884
0.12261935512794275 1.7078828382265088
0.3377974573506117 1.908071421346485
0.24516044782331592 1.6408115064273945
0.2695129504796004 1.918111957389663
0.04571045618369701 1.8359372348635252
0.3633646678779993 1.6268348630094729
0.29283337420422184 1.6955131930372886
0.10863120471331356 1.8903248745882686
0.3855469472493629 1.8971653868580478
0.06538546187348837 1.9571556285007632
0.392527058602745 1.8424581266142845
0.010137999510848095 1.576557632917683
0.03815673537751635 1.946259248535727
0.31296997769120133 1.5265255666590627
0.32739062382293227 1.8691543483272501
0.04012858108495099 1.9993193893095478
0.12494070510293082 1.5163504209972363
0.25115527280193617 1.9170673251233827
0.45594969267877467 1.8008261210675862
0.012840065750224228 1.5885577138348503
0.07510311630574795 1.7959266844600286
0.2836424112767157 1.6598108180862416
0.4590417458241123 1.9831685784745097
0.031692319954933046 1.555650135127322
0.3129708777419046 1.834709822377343
0.23708256241473502 1.5572473827681663
0.4465232241093636 1.9567587790655214
0.29488577642896435 1.8114934489733596
0.466217378546259 1.9601351805228342
0.27917786779261594 1.9220520794434006
0.1522639394925548 1.6172639821207873
0.05032166898468621 1.8290817152162675
0.1360064426672138 1.7110737041150599
0.28786258255478314 1.9448648673808453
0.07094456156044471 1.7805875838531837
0.20961052054739027 1.975963288839985
0.3950721295164712 1.720437026555366
0.4938301774413553 1.5290212046623939
0.01517261330206121 1.8970934820839649
0.2559342812703917 1.966967627840877
0.3047499420674274 1.6033061628635952
0.3436720303079461 1.5551227930668232
0.1964327320145735 1.784049356384577
0.20552792523443614 1.7125926074576527
0.36697501294894064 1.5322246533313502
0.1558932856003491 1.6633389824537872
0.0583867966218794 1.8704296952345092
0.007546032971648464 1.9634427220148276
0.4522630495601065 1.8062965204874364
0.2670715291649534 1.766329559561362
0.2160395170983499 1.573218949122292
0.39208000067560966 1.7761090268843778
0.369689500719356 1.8457298364664356
0.4904239797924438 1.630679424475823
0.47928512825630226 1.549355577809594
0.3010914964700543 1.9508813471073227
0.36988266999415714 1.6684664166119423
0.33404866233640734 1.9897359728193575
0.06435079476551608 1.6924576575328818
0.16202785302654854 1.7166833406842708
0.4970463760603743 1.5305384028777982
0.05110534203549716 1.7757395714303938
0.22165242554271708 1.8684705146140832
0.3888849237713834 1.5636211330664735
0.33102773995124607 1.53679224168299
0.21920174076012883 1.6841379269558003
0.1335783963459249 1.5093771816398733
0.12048308824675358 1.7485360773288088
0.285445807578455 1.6536206819477992
0.1712507514824258 1.9079749623723434
0.060716927140363364 1.8091121762086377
0.3307220046469717 1.6239523155780424
0.2528965762093768 1.6803434730555171
0.22506413071219605 1.5052446693058217
0.34004268385134534 1.8908192605689969
0.07057979136949816 1.5658097072536639
0.013250025249565589 1.86087746669841
0.2839485453851385 1.9871007858585503
0.46357819088334756 1.9395939019410662
0.22662214991985968 1.9003728035999345
0.44605490255378744 1.9423364409990858
0.005569226703353525 1.8398127193848457
0.09104575440584789 1.9198508795027927
0.3057871743401719 1.8557064749446341
0.2130666617236912 1.6122017271202713
0.36134728995358145 1.8183585303975662
0.4750255088621734 1.6214578211624773
0.3812113930279508 1.6881087694803112
0.20191449160523472 1.8707037965666646
0.033655998880274485 1.9745454082212315
0.40213514886618923 1.9037751794297575
0.4588627620378983 1.7588917778215825
0.146922710509376 1.5200558260619392
0.2230817095386698 1.5075484135965849
0.3787470595259159 1.631743433231453
0.14974601789760333 1.9619008994950637
0.46810244774269555 1.5771795956449495
0.0630152602179998 1.6497580343361165
0.41475835893013063 1.9231578945993844
0.1574463437231342 1.527163334064252
0.4943290749612639 1.5415644500208616
0.46383916610568565 1.925827265905482
0.38392962916697526 1.9512720002088266
0.21577667098378667 1.8510563010793586
0.36172104543881084 1.5749000103620945
0.33397650076665 1.7478086624474913
0.06430780863243363 1.6718695225740647
0.23629441796505946 1.6283857631256389
0.003235793752314864 1.774123102099186
0.2500668789879492 1.9342722079593457
0.08724895121718462 1.968946428142806
0.05045322942299402 1.6867659959727388
0.270498283195553 1.8445196715781436
0.2735353299306042 1.8662945090191538
0.1485565449218219 1.8381429996351437
0.2561553210385618 1.5486909924401449
0.35387784969844055 1.604522257707235
0.23581962042515087 1.6182098495733053
0.4602507341357874 1.8520668120330877
0.30347018315504204 1.8716880328053938
0.291828992892635 1.8788436014799696
0.43952157520892016 1.526013992885638
0.046484536736071225 1.776647138588158
0.07928499781262405 1.5419441662262536
0.4855116401666541 1.9615871420364561
0.34774819608543917 1.7813110886207526
0.11212218789947881 1.8326616258475115
0.3756527508058842 1.8217962675543715
0.2597066423844015 1.9559748294129782
0.45890801131996223 1.7636944323266652
0.337495601201679 1.7215755495704859
0.2516033443495977 1.5764751942194726
0.13604202338505844 1.9223331255765577
0.18922843117449284 1.9494516848836052
0.07785433594186503 1.659834546415382
0.4231835244404729 1.7304947336386356
0.10954567860830094 1.8909775754655758
0.2102596712814649 1.859485243304797
1.5710249159799203 0.29075129345585765
1.9414912227982009 0.2290759738631516
1.8445400561386718 0.4216367414021174
1.8136308372202201 0.13433824007086498
1.8817948405961478 0.46812684041694275
1.5434697959225718 0.40499764263116356
1.8308945713924198 0.016056080037502363
1.50032386238061 0.4492169331642232
1.93653723324329 0.030747115118825885
1.685228070349145 0.27626317792376176
1.6666512701141876 0.31542232050337693
1.61673088875257 0.10690003476560239
1.6265914649756135 0.3118954299530028
1.8926514642986791 0.4249750193133722
1.7580394275769202 0.1392490905678933
1.984760711945476 0.2714256178444929
1.5839156201936841 0.25302129753738695
1.6890701581327427 0.23280676026753488
1.8528946694328956 0.0473642861394139
1.598259921054327 0.4304462938919831
1.8575262048195422 0.11570658081536095
1.9847496471406454 0.3734639449948432
1.9484982760322171 0.2316399197413998
1.5830143882041767 0.2991431482908655
1.8442409235627129 0.41106916281078787
1.9379694888826302 0.08752391530285286
1.7398522742831166 0.16910500663085343
1.7425966601587586 0.0035892048025890078
1.9522400120734364 0.2907452022821556
1.9224558133077556 0.39004547242827897
1.8994059378922206 0.09308213850229863
1.6373249627040838 0.006452931742959078
1.6009617904560725 0.26859019401548456
1.8609332178815992 0.4863388971450305
1.604249341037315 0.4639883667796027
1.7685993888194083 0.3629324905456513
1.7858481511817665 0.2672397696140127
1.8095616196675057 0.29628708193453196
1.8517895527831563 0.246440974657109
1.5658808733129308 0.019811317516534588
1.5614553684765657 0.10867072201989852
1.8030238467839936 0.11260821794104137
1.7299251731722096 0.42430888282696355
1.9985787000232573 0.49552566869735404
1.9214461843679396 0.19290285807511987
1.5950293586428137 0.04345083892518853
1.9327347126191925 0.31035018982300777
1.760111991527097 0.4041346925647387
1.6789785249382796 0.23398238214893702
1.5539999481707982 0.014711683564895495
1.9376945788712379 0.33207649133528433
1.5964109311795145 0.41108384302230716
1.5760065747256238 0.04738735925974269
1.5987029532557273 0.23246715223986963
1.885442199239582 0.10048470666823439
1.9761233499664221 0.33365203722435477
1.9750098571181178 0.007995994246280502
1.6835975288708396 0.13090889787992793
1.828099941781762 0.19329691141031285
1.9247921635000358 0.22397324775431543
1.6116659108467146 0.42275823443786176
1.9686597492620852 0.45617414447411925
1.6371754190195758 0.20934883370758417
1.9702694965279366 0.3975233025002204
1.5119821694444298 0.18721129454282004
1.93345204322397 0.26146148516244844
1.9870539235534679 0.2757677106494104
1.771632902055369 0.4949622800018335
1.802402764161819 0.21997997255799334
1.8202027057710626 0.2138226529243324
1.9550983966193707 0.3145800317736347
1.6288694565720623 0.29022330713929845
1.7664056895689277 0.2944020611205392
1.9156609780551366 0.23802092265333408
1.9043728018832449 3.8989972698338926E-4
1.6955933135718493 0.08273826987255589
1.6261061976197035 0.011419667225517571
1.8064934276591518 0.14784686487501236
1.9400043762998602 0.4657684643075752
1.842062299415987 0.13669120292317444
1.6523818258815066 0.28287706138022406
1.8679871695468213 0.040281942259371095
1.855200388187196 0.435995267958679
1.7407591970583831 0.25518979832733674
1.8320348400240338 0.3193656195242559
1.8708256635242553 0.35290059095364806
1.60793513138803 0.09979198501764064
1.8718033873653135 0.20224575032285041
1.9455076043037085 0.24175649741274613
1.7157025949648188 0.10990160198718418
1.9943226478343548 0.1476892027993152
1.7704584227673168 0.31045468569802065
1.5336666191596604 0.06056170882516765
1.9305395187743402 0.0071591132232761145
1.8096908589574172 0.03466692425831047
1.9640011843494012 0.2372660133603534
1.857170713580314 0.39226413926372206
1.6900729260847056 0.11168404573620472
1.9133728404028871 0.14870928757247737
1.6702181710402177 0.457733609890989
1.5769391425325812 0.40675726708655463
1.7425762609160784 0.07588668624382389
1.7382306336466016 0.1919143574805951
1.9547947470949787 0.20663779777741492
1.5092351478931922 0.12503506040987472
1.7534826394280352 0.39203071675738893
1.9109274221026449 0.2057993682326884
1.6698626692900638 0.2078692909464887
1.933880640041903 0.31127270624022335
1.7006737431205001 0.33726970972868525
1.7739635957043718 0.2974421426007648
1.6209718280575174 0.15396570212606048
1.559117554830825 0.3284389866229658
1.581200724286451 0.38465638613084535
1.7254924086155579 0.24809939090866445
1.5347515798567326 0.023691342536580284
1.8716316287712864 0.4515806043656716
1.8142024795932752 0.4805154722136908
1.9179307056235042 0.3109424021872637
1.5245275267804232 0.4505507631546585
1.725254098723704 0.2579193290018155
1.849787133820041 0.213570672162115
1.9813805299047036 0.1295507680837893
1.8761590648128328 0.4801268015775768
1.6468570726571619 0.3379025449502329
1.618642309419689 0.026216476914343423
1.5628771137919277 0.3338048267201299
1.6013637094741804 0.17913374391820136
1.9629580367859816 0.1963477335343467
1.5821397072837375 0.24332525558807178
1.5974788901446961 0.49481739634838473
1.8307934196864517 0.1840761459671677
1.9755493015293353 0.3378215788500183
1.7676997345659848 0.3189804950576409
1.8522152010406303 0.24554543756976233
1.7441289248692518 0.40240405343694896
1.54066787022764 0.15539436698177966
1.7991818129762203 0.3265266602072808
1.9089072929608828 0.49872229964674697
1.8594573468813367 0.20405509474416222
1.528221454830686 0.36691021581939787
1.5570658389048222 0.3423262312044866
1.876878182054885 0.31875108909180666
1.6291990137831247 0.06627427182640128
1.766586163469431 0.3679137788974963
1.7281906262296354 0.4986147740234611
1.7515671835485702 0.12919991664539904
1.9148488799703844 0.259601888922337
1.7004916102034462 0.4953741430494087
1.6298148292430374 0.10584447762810723
1.9600644020339617 1.562539527298936
1.5377983341704016 1.7879203293273753
1.6157089383283323 1.8213463733081854
1.8177659716596244 1.8699068315052778
1.759581256101057 1.8837639986949477
1.7285028955324973 1.9204503100434192
1.9090574889086405 1.7207115179781853
1.6134432616816468 1.8546250892993164
1.7798721962141575 1.5445351205935254
1.9212615606777474 1.7785872461039278
1.5072457065034541 1.5821355310354626
1.8094398153573352 1.9649071438098193
1.625623633414214 1.5494910923085112
1.9668732535110058 1.565468268811142
1.6630618461121043 1.6563878838021886
1.9385498154723482 1.8509494181254627
1.5798254202885709 1.941360147077221
1.9604361965394308 1.6511606153483487
1.9824301962417512 1.6611603565809323
1.615926395847542 1.7588824167822734
1.5741406968987068 1.8365197290913005
1.506555621973008 1.851362019685726
1.6608484231025027 1.8865267263146825
1.5891557298545216 1.9782485156421579
1.7172895883936785 1.5676418284272091
1.8692256450765583 1.862503587549356
1.5327215757431534 1.6701840085965003
1.756012997538172 1.66170269771
1.7974625111205103 1.615065177835028
1.5786508111809816 1.9411460051640765
1.6621085545736047 1.7366156608955903
1.5346659001474388 1.917326809859854
1.7997786149374295 1.6335348309424116
1.692272933932259 1.5405595235615568
1.828396422899565 1.5193177368745139
1.5960912735289723 1.6989479247539636
1.6048049583537096 1.5059498295576648
1.5322688889228644 1.7423783707238936
1.8854184421466862 1.7102282161251132
1.5934705101631002 1.644851543112616
1.6591522384999502 1.9807595206069641
1.8467850287128855 1.9462203351026215
1.5975312513779298 1.9055004805714102
1.6483292928679683 1.6402801423874644
1.534162378254626 1.5746492341149925
1.9671737380991807 1.905162005145367
1.6811669413961585 1.8417612848016347
1.9781873909295071 1.5041077511169723
1.9137039899711197 1.5471558045329088
1.6584978291674861 1.8199603450401143
1.9053756489267129 1.8419940909948074
1.6754840999141627 1.825081274808747
1.6770909175482291 1.8788537399551806
1.9855684104697968 1.829911288749687
1.7298741194234526 1.715188149231643
1.7725449082839815 1.5980189136259912
1.8681398725630787 1.809752532705073
1.6417817696744552 1.863235835106038
1.5841161508403807 1.9788941901299084
1.8523550428515074 1.9353566324161322
1.9663824816934201 1.6195457705439984
1.813020997163529 1.934884456422108
1.5159002961318064 1.8988271590227774
1.5899055693263378 1.7544331537440163
1.5014476009607713 1.9563526723696805
1.7738879756065846 1.604650232610323
1.5630305766356893 1.9646567133339932
1.7338775696056326 1.9659039390041235
1.6766293220547985 1.645592711383631
1.5385311686875098 1.933481564243699
1.826545803895245 1.5461260874570246
1.6634301651926848 1.8136751907930169
1.7926564927427746 1.5356339086146953
1.513335173014905 1.9008848728233205
1.8490331093365502 1.598639961110353
1.7798577854612667 1.641748024966812
1.8876792101521362 1.5618554262515523
1.723737306205215 1.8713080709076495
1.5265413426871703 1.912461961553101
1.617882602886758 1.9883638120372693
1.6344879859953862 1.8357650771985434
1.8124371243886066 1.8223953854560806
1.9076099646305713 1.524662364852635
1.686347507884741 1.5328411455303832
1.6609812623174978 1.690812421285902
1.631264309764826 1.6730040823489025
1.8579289865479223 1.5379566973688568
1.6730753553882665 1.5454950011021122
1.584896764493517 1.7415380384717296
1.8739706985244593 1.6738737983706669
1.694145698326053 1.7155758510755978
1.7736600979483408 1.6160289277400206
1.6788224259358735 1.6376995861368566
1.8222119754445125 1.9488391664548623
1.5153337333578818 1.8463082536963484
1.5289554741589018 1.560790674657996
1.7065025239760017 1.8200153239421866
1.9019846452862468 1.8994761536295441
1.5856400813289135 1.9988548376598891
1.68102675170684 1.5342819648276516
1.5964545192359094 1.7091656276679896
1.8727840419974728 1.8110729054952355
1.7466257730047705 1.9096373898312593
1.6823313093323273 1.9953131130515087
1.7439123906911997 1.8846933058899038
1.5967488554620881 1.6228157662691984
1.962815694876455 1.8732008285832351
1.6178935458241421 1.803192957377704
1.857111947565314 1.9354430732730423
1.9600578511173736 1.9500808845224942
1.7289733584611409 1.6293501652524045
1.9252398295547333 1.8443448948935701
1.8889338841794656 1.788181065119486
1.643844407468161 1.571722211479667
1.6926160634887424 1.8661626779185538
1.9218590549108114 1.7147395391266094
1.7199200253704245 1.946034884786299
1.5668945803460013 1.7202464994478615
1.970286246244447 1.5830159539686164
1.7749545079483404 1.6085346150015676
1.8836785993811338 1.6933947966631515
1.9473940991503111 1.6377658054966895
1.7610944709239122 1.68277242996674
1.6732525815506805 1.6883127985719268
1.7506939225063856 1.9489167761188224
1.555990201360023 1.985618275593723
1.9860498440954362 1.7872610964675877
1.585633949286502 1.8373080615951776
1.7115564180802134 1.5732679508745608
1.857433684475676 1.8205477627457027
1.806693358554583 1.8951968286563734
1.6163530325441533 1.8190112095437319
1.5256282460538102 1.563255096784812
1.8630669810976366 1.9753328420087881
1.501549890786217 1.6266782376954472
1.5916110087859465 1.994545117241484
1.626160462025339 1.6889768901213476
1.6414237443338089 1.806756018061813
1.8039143769458732 1.9234044030780981
1.6372484227417465 1.873200443850142
1.7978772092131508 1.755640329746854
1.5592056486596826 1.8988035280183866
1.9294878729489726 1.6987512653853916
1.6323226372094592 1.8965223053182971
1.7680425455841078 1.796682258516733
1.9499020759633012 1.9339865985017406
1.6473790794591618 1.5568482520882492
1.548336010193164 1.9813386301380091
1.8770255400136795 1.6298362743605814
1.5323181423035515 1.5706745931857728
0.7491947896137398 0.25983664620574304
0.7235521227970685 0.37769666936748003
0.6477517450496376 0.26622875340452284
0.6105107491800389 0.2314645818295733
0.7545120688799651 0.21373149423539484
0.7717852056732508 0.22245384685058778
0.7885799342156592 0.2560358153059394
0.6151044208055498 0.23643285764638866
0.7615954683534086 0.38153237254090305
0.7289124390504236 0.07624037274437644
0.618611681091828 0.26216289066407905
0.7643041546393622 0.15418189246411582
0.7436893921988182 0.04950850860598473
0.7102832007342561 0.1916543964712188
0.6974282683476871 0.19014890350327238
0.7472358479257067 0.20994740185817162
0.7468159956359219 0.2967788714254595
0.6973037269430294 0.19187103626685348
0.6721917487370334 0.23852237416520797
0.7553773034656039 0.25206530832346025
0.7917841767696192 0.10333717078797991
0.6807211490024699 0.3745475139517571
0.731198135920834 0.3373561295624308
0.7567809653216455 0.15925821419977676
0.7833885385477201 0.38046455377501665
0.7855115464427453 0.16506904542816014
0.7540736807377549 0.29436604382684267
0.7726038176305756 0.1449189025931051
0.768204526340654 0.018842408906148567
0.7812782102573794 0.13944813314363264
0.6250204477299512 0.19386621456784928
0.6848506376757243 0.02870345963461518
0.7323860189082014 0.14967801171590858
0.6320664687812114 0.13718958042673832
0.625517470061702 0.2938929993263086
0.7542368964443036 0.24574639237209503
0.7808715856982535 0.11415523443760422
0.7895012148128618 0.08443394248102472
0.6728837050891179 0.16681062440284566
0.6770775231535939 0.26381043398328674
0.7894057374164832 0.33652299099448635
0.7831534849487114 0.24769165943704083
0.6211090761690863 0.12871063269438063
0.6601078135599859 0.17868326457448194
0.6707813038357793 0.19613394693760583
0.7120422372044379 0.13848063095213492
0.6903598155151023 0.10291784397441557
0.6421427000250216 0.15813395548290277
0.6467093000569987 0.29374577512030825
0.6911776942823958 0.18917957014492293
0.7415643802771024 0.36291522836137724
0.6414806586820513 0.10474138620785052
0.7667224613834857 0.20739781159402107
0.7570523851498341 0.020409643034439064
0.7624861849651584 0.30000022037918184
0.6579585089305532 0.007907242213587696
0.7655187260645283 0.13317517495832862
0.7859862180135708 0.020256960748742392
0.7816893940819424 0.2609850084647706
0.6085633105662753 0.3553661437323907
0.600150922066124 0.10617327815579616
0.6292318320950601 0.25564842173229385
0.676804046396022 0.00125324686051016
0.6255076748690066 0.07450527241192915
0.658468864108532 0.19697492409452516
0.7187463839676491 0.036193283462246394
0.7934967144877674 0.19848571580551147
0.6956746845253234 0.3738060965993564
0.6802201722632824 0.37895264288776603
0.6475361574209961 0.3508031724994519
0.7415530320946866 0.3723674276277081
0.6703386776133594 0.15472067833532357
0.6822160228194692 0.06170868561098919
0.6784801362231664 0.29740280807619907
0.7844782258327466 0.25558867782865735
0.7240682082461174 1.9642950585421757
0.628968072676537 1.785965257859935
0.7855388467889928 1.9260441212243955
0.6890220151129343 1.7614525536640684
0.791717336282358 1.9588521408946626
0.6402028648309378 1.6752174169507388
0.6812547159234613 1.615736142993873
0.7510340511022856 1.9934013546085343
0.7624115750928615 1.8490467526515917
0.7766598772377132 1.7394611951840278
0.7344501329295348 1.805303251377328
0.7640561736120206 1.8417745236342085
0.6594347019451644 1.6966052165100198
0.6955795539068178 1.626309375994317
0.7320295908892778 1.7985842190369201
0.7470577625602527 1.6131104334233113
0.6849227108207311 1.7330619597685648
0.7172875028669783 1.914807488386833
0.688792011471078 1.664284576943234
0.6977203421925081 1.63730468902908
0.6582711405398695 1.8708057839439671
0.6942811477028425 1.947262515028435
0.7591596236014767 1.7507948164878946
0.687677835406928 1.8979373596503937
0.6271620267159165 1.676748109530986
0.7242250545511149 1.6943967750866353
0.7547295614491653 1.636286894516599
0.6661185652726277 1.6310816371219121
0.6801167238250414 1.6789258756741763
0.7982612287120128 1.6491394742031507
0.621554493945134 1.6344015489426893
0.7881553638351841 1.9379064440535503
0.6394808891265635 1.7763514362637247
0.7260405774297674 1.6443685168064432
0.6810584855591972 1.6758390115775523
0.7343699612936463 1.7563855220036853
0.7637478106451403 1.8224220696390052
0.7288818166072244 1.9899149509601606
0.6884943782051417 1.6861653844391602
0.737937990311067 1.6374253944699306
0.638126372439835 1.9522015775224912
0.7424640880437277 1.6241426677740187
0.6128489103859985 1.6801475314157064
0.6857407651319055 1.8707248691923242
0.6822599243080418 1.9238863787711935
0.72045949194565 1.675415716633345
0.6921018589813379 1.8929286233956648
0.7098701330153954 1.6056784060074234
0.7540022344103348 1.644768755362424
0.6805118325911936 1.7287658970168438
0.7677454272386669 1.768357102314492
0.735932681337866 1.7126359462028142
0.7781568679601407 1.9520096114975767
0.6839678012703334 1.7930729970994972
0.7524701211574619 1.924781425746717
0.7045594414109203 1.829831717365156
0.7790861600334908 1.6185333406558455
0.7907668213658349 1.8640702475229638
0.7349234108436077 1.7186231458971515
0.6325274692260027 1.7412944696003554
0.7460960824293823 1.8543572479083035
0.6808958914549315 1.8784874588780538
0.6754473638884758 1.9260408068094854
0.729899472484467 1.7310516600992243
0.6105032367109977 1.673668035897534
0.6838155633807402 1.754644354657229
0.6967015518207637 1.7629971451006592
0.6395877493847388 1.8589400508679084
0.6632902361054116 1.9979578584176445
0.607263407564276 1.7148066248461193
0.6230774628789268 1.9640421465846205
0.715748690482067 1.8033352753394631
0.7922557009414513 1.6655324708614836
0.6068411248578894 1.9846171314457348
0.6728106550971008 1.7401243815089773
1.3074141105825734 0.21611289531027658
1.3675651288132233 0.217703936766407
1.3877916378394757 0.26491482387691717
1.2566969202052478 0.33574319162978356
1.2637656306946605 0.23515332212354806
1.254608922263505 0.0319803631009993
1.280372358101184 0.27125391774823215
1.287318699787004 0.005754184630522597
1.327458414252388 0.2997032218911856
1.2830737621588189 0.07256529339733712
1.3802308953767484 0.33643563565864537
1.252688010784919 0.1321405405651821
1.3324003897170225 0.3139058710635314
1.3511336408428283 0.02847910322121172
1.3951894512547693 0.37136525127080944
1.358212123286679 0.30106267821868643
1.3723933934114825 0.10381298379061527
1.3936667298288306 0.10961495853955833
1.2898441707726507 0.37954680983211275
1.290888231290729 0.26049868175645224
1.357042294658417 0.013190390957607835
1.293404442311583 0.2710419169158536
1.2693856722867745 0.22052799517818478
1.2096333876970888 0.3787880802598153
1.2213384789621147 0.38343026817187803
1.2639188071447067 0.3358675145357779
1.2940470244432718 0.017607751834354212
1.2156559516723613 0.32439146098536614
1.3053238839253174 0.36288225980177075
1.283354516054026 0.186972481578779
1.3655854070362525 0.30511905178348486
1.206774764500432 0.1871783927158837
1.2702418727440503 0.1909160503131295
1.2078118277883092 0.0979300153645696
1.2772037230877327 0.310599417495917
1.2695923542219196 0.36155612513974533
1.3675811176198014 0.0020278939164537937
1.24328662094231 0.17342207795649364
1.3683183974460045 0.06716155800738575
1.2134283866639952 0.2117517104997384
1.3274188837304053 0.2953035554230517
1.3050737895843938 0.3694653532868169
1.2755796307268104 0.1513767803045909
1.2999196080293323 0.039559795891198894
1.3824698011623484 0.11455026571027621
1.2435403285579398 0.26375917253356934
1.3215503006806921 0.1419835536659167
1.2721925547603337 0.17486892616549807
1.3942465050150343 0.284410046346543
1.3651742176521828 0.2464681173198006
1.2324498677277291 0.19473377298791794
1.237515271377051 0.30927847170835127
1.2977383160163494 0.34776700379598574
1.3278155155866842 0.30175159456371436
1.32636941564828 0.22868921497412786
1.2073342717718056 0.2931190359501318
1.3310142479827456 0.3497611295476125
1.3389757715149786 0.2503530180447372
1.3633641797005875 0.11928071235517956
1.3486030040304353 0.11618856118579149
1.3661565725777158 0.3137209353876861
1.2361520919758902 0.22356111999187012
1.2988297244463032 0.3934424953133122
1.25030806171376 0.09251684749065672
1.3079312202512952 0.35432762407296486
1.2780421036184069 0.23885570887452945
1.2315680982228152 0.22213425806280807
1.3590994419023228 0.36947084338061575
1.3766012075813259 0.07332316336654646
1.3255659961466428 0.24755064406149951
1.287950157835877 0.005563366976877893
1.3879309960804511 0.1815132650506575
1.3412894458950464 0.3830748176625708
1.3416019886287907 0.12474622133868363
1.2335803322968897 0.34641984867881037
1.3516174233365321 1.7689270250298008
1.2202970424155852 1.8033086333115107
1.3883414110671715 1.971903784654759
1.253870101134723 1.706436482100704
1.3332140070898355 1.9818180241061398
1.2147834741438928 1.7763243275641791
1.3511696594366698 1.6023547968284395
1.3949263950116675 1.9415866418682943
1.3351253688248605 1.8897086949728477
1.2922147889340612 1.646004205396167
1.2679792801636531 1.780057020673682
1.2061611777821215 1.811232351125644
1.2188494355731918 1.6170349497965257
1.2859861647987352 1.6459283961785312
1.3928214407625434 1.8819102906358145
1.3760285116009283 1.856534955719865
1.387262976580226 1.7248588575738641
1.227624998293836 1.941909192408758
1.372802026210869 1.953944308837964
1.2022952584217173 1.7434410715747313
1.3133548269206006 1.7591097243396285
1.2779808187466364 1.8742566960410836
1.3671286013886832 1.6316910618598288
1.3882517597252984 1.66555619631173
1.2693131520095702 1.8856659348744902
1.2738082811327909 1.6450884801243917
1.387214531317241 1.6950542295632902
1.3062687148736958 1.9022184968764926
1.2598729735921743 1.6325901306280526
1.3561494673111367 1.9959956709623312
1.3867464533292249 1.7279883044764266
1.3201064583688316 1.927085328141926
1.2138301636359443 1.8598302404579004
1.3969217439515207 1.9213780303538879
1.2806213914152917 1.8532996052958035
1.2073829681701578 1.7625449316611093
1.337628229527009 1.7766987869081792
1.3901174679592267 1.7627603567023151
1.3216597351914383 1.8128819894453299
1.3736068098205971 1.975265806956398
1.384924077623836 1.727443035292478
1.2240217117353396 1.9294029901866847
1.3140003811825394 1.9636996121643293
1.3991812367763776 1.6081963267073274
1.2460390442957943 1.7652184470475463
1.3008543422899848 1.9905186543572282
1.3920842126729538 1.659829200296875
1.3107857962313894 1.8443270017970157
1.3112014247141455 1.734777983760989
1.320242663800685 1.784408261396419
1.3441322232701378 1.7908744594561687
1.21854155205317 1.6975279586389656
1.3114867661709109 1.8841897024778453
1.3929308458740641 1.8898281965290307
1.3090245364280768 1.9470650261116016
1.2103663173345138 1.7257741450125563
1.3913621398019367 1.925895185708964
1.3011324588618451 1.7049015210684886
1.3254865292189315 1.9813524730036836
1.2449260305295546 1.8620706390744963
1.2167407007029767 1.767421279528634
1.3719322952760085 1.8788856304443766
1.262488358793309 1.8388159314263244
1.2345885916823935 1.9583907834105507
1.372452722002909 1.6320576682832255
1.2801437822627812 1.942108845441438
1.3097640774658108 1.623689734473521
1.3597863955351353 1.7379393846843627
1.3530393964916279 1.7898127563180617
1.3470281656704346 1.6793884521333
1.2573566929807989 1.974325653730637
1.3061937871263214 1.7510537156488446
1.3007756524614855 1.8189603882245142
1.351281834745558 1.6922427253656807
1.243095277938644 1.7164022139735957
1.6612573776138224 1.1502732027161517
0.9482819540344303 1.092449255962256
1.1869789199686285 1.4760466156115915
0.9691052517053325 1.3234677702402073
1.9556392673296321 0.19180221344477144
0.4545508331156429 0.458858737972202
0.06908320869907358 1.9579133950778975
0.6089490519616672 1.7185519947903423
0.6821654306402432 0.045879613333612346
0.9715303978642806 1.6087607728237543
0.5161297647120253 0.36941427370397983
1.1401368397161784 1.4876277139561178
1.1801801500330942 1.345345403236382
0.9465876351726596 0.7899379805733726
1.907016253252179 1.9718414301059344
1.803731075634166 0.7954822014597009
1.1147494131294935 0.20874033743634457
1.157105143293197 0.17916689328832014
0.32675308576581075 1.2545250005573914
1.4995193297997869 0.7469869358819017
1.4126444548884056 0.6367541421567331
1.2447618818262667 1.7404885856907208
0.8577328293319568 0.16752385584813423
0.9070261328655165 1.8833686750449772
0.8249124632507265 1.76279938336291
0.49554141937217877 1.9473707300654
0.14211746707345707 0.8842237939110376
0.8092834156677773 1.03065338679099
1.0300964063107285 1.9342744590674257
0.4045304434593029 0.9703242097785973
1.3794066932550462 0.3204052264446171
1.4084223950530195 1.351845548379332
1.6921670790401777 0.10107669540461917
1.0645695001482416 0.43153591328678176
0.42324930173800723 0.13634307105782728
1.9221490856557035 0.9544055725961775
1.3872293425529678 1.4879297518428214
1.9178188918368537 0.3280808578838128
0.14155982331845185 0.4485015679143294
0.25016622086665885 1.904587053235615
0.8130653708137103 1.0270864489112537
1.909302401020604 0.22527569719935636
0.7040039458336982 1.9773862108622282
0.9996039862506938 1.9734800443971245E-4
1.1955772503071533 0.5279703446411648
0.5814905615389843 0.32173674679564
1.9609141424069119 1.8581154673230127
0.6585219761228964 0.15334320641151833
1.3061916730660665 0.06031820127842935
0.14898672620777087 0.4877040305324869
0.5776987287900994 0.8402745812338277
1.2065447914436616 0.7347245285600357
1.0042886662431079 0.5273858191009597
1.0923782931177908 1.8781949439837138
1.0888063563209014 0.10361420782261943
1.9516944198987873 0.7310380667116592
1.7187177393742443 0.9057801388573747
0.31031528151752075 0.22254929089457098
0.5353088783312143 0.4161562788184099
1.8824806689352584 0.06705449826763976
0.7824630497925325 0.12847959792195707
1.3688788728799297 0.3919283501901545
0.850164790238185 0.8612696829634687
1.324313582380607 1.943930249902212
1.034520565008481 0.08760529895563929
0.88730286803011 0.34633075770459376
1.6552258086265756 0.8602779369122204
0.18929933493388518 0.5453178740223408
1.6030497612889554 0.7335062427667476
1.5991096179516628 1.0626871895886856
0.6340491024774269 1.7171617145057172
0.6084822387551165 1.9628360741671138
0.28386225610555904 0.7467197983532525
1.1277241093052828 1.545597123304102
1.1445778163578249 0.4119186628262592
0.23559589126086067 0.6924631060150226
0.4283095113530999 1.7593711833609011
0.015627538760089044 0.5222690820165543
1.2357521752092826 0.869142940887313
1.011385457602831 0.5534152615600396
1.7546330033868782 0.6025737984912307
1.0461139230606948 0.9232280108250717
0.7321136168344431 0.42838674545053834
0.6775636848035236 1.3810732839562252
0.9968382368201809 0.5563928032858454
0.39671127264566275 1.7503515035641595
1.5504648228649043 1.7428669601796534
0.8294632817757273 1.3455191209463437
0.8051561024388485 1.0789351030243073
1.663330652222914 0.43379758984284167
0.9126478707924519 0.8330786412799795
1.7964480982871016 1.24724552164752
1.812153477714941 1.991127284795833
0.29420517765838716 1.2793867994351564
1.6185027668988954 0.5218784907345613
1.1391454837769517 1.6416010783245105
1.2785556613055362 0.5937450748134967
0.47268145301964304 0.1080008113547486
0.04306967045155696 0.9776005220240187
1.0525625720107723 0.14353290499923155
0.23284341918719775 0.6932557507230064
0.9879261378806468 1.6885598831874946
1.022096189831099 1.5917663392841297
0.46414885757852575 0.7641899270561519
1.5186867420738237 1.013036976666624
1.1326102232352282 1.0661423365902758
1.2899133142784827 0.917952607317333
0.11586731848391296 1.6309488097794183
1.6642782556811935 0.9665338971856487
0.16663285675926232 0.3868078921984859
1.633741734456769 1.898378565545819
1.419337210789817 1.9424253658708706
1.987628219573142 0.2689170785535244
0.3859482345422287 1.3206876977167141
0.4284914747646271 0.10477534375853592
0.3731102680265397 1.5100338126115225
0.8518841306584903 1.3638043108147222
0.3355573255223825 1.6849031851618952
1.716117171742545 1.220100424478099
0.33114359524078396 0.737656256779667
1.4847375674282375 0.14160800975527477
1.2057270367753685 1.3678770927716897
1.4935912509563554 0.48765887568947663
1.9115308562815487 1.3909851803195348
0.2759796071709242 0.9260712469812726
1.9504994650590126 1.1565979083788729
0.37355836487919514 1.3541947434599262
0.8345552677183123 1.008101170763215
0.9672690168776046 0.20555475827880598
1.1675539172699372 0.5684015913051397
1.281732226569419 1.0335143325001837
0.9791259830865038 0.3028486544986053
0.648174386161557 0.08563755610031576
0.2784835554531875 1.288831784871619
1.3550988424155188 1.2172046002836032
0.4466610381289349 1.4125716831710027
1.972553344921729 0.9395931834264466
1.0485499897704433 1.3171420636551208
1.7049872936467287 0.6590081692558343
0.9214787834548996 1.3417729038401351
0.5093310622551701 1.2333047563890078
0.9849776005622048 1.421002068337338
1.2090717867583085 0.8594187638970217
1.116761049791417 1.4532577482790834
0.641740767016094 1.0011808180029802
0.6528505701828129 0.001970282514487831
0.9963662268583102 0.5770584132563366
1.5951496295216192 0.35832639089160456
1.9290887696488856 1.9496348672711037
1.4476750166913044 0.9732960344715096
